230 22  9
Aveiro 16
Beja 3
Braga 19
Braganca 3 
CasteloBranco 4
Coimbra 9
Evora 3
Faro 9
Guarda 3
Leiria 10
Lisboa 48
Portalegre 2
Porto 40
Santarem 9
Setubal 18
VianaDoCastelo 6
VilaReal 5
Viseu 8
Acores 5 
Madeira 6
Europa 2
ForaDaEuropa 2
PS PSD BE CH CDU PAN CDS IL L
36.65 27.90 9.67 1.30 6.46 3.28 4.25 1.29 1.09
17.9 21.8 7.9 13 3.2 2.3 2 7 2.7
1 34.31 33.55 9.96 0.74 3.05 2.96 5.69 1.02 0.68
1 40.71 13.29 9.08 2.04 22.80 1.97 2.30 0.43 0.62
1 36.40 34.08 8.88 0.68 3.96 2.56 4.11 0.82 0.68
1 36.54 40.78 6.03 0.84 2.12 1.31 4.46 0.43 0.42
1 40.88 26.33 11.05 1.27 4.75 2.38 3.71 0.58 0.89
1 39.02 26.61 11.18 0.90 5.59 2.63 3.48 0.82 0.94
1 38.33 17.48 8.95 2.22 18.89 1.95 3.42 0.66 0.68
1 36.75 22.30 12.31 2.14 7.05 4.77 3.81 0.82 0.99
1 37.55 34.37 7.81 1.48 2.99 1.60 4.99 0.60 0.49
1 31.07 33.52 9.36 1.49 4.26 2.87 5.32 0.92 0.92
1 36.74 22.60 9.71 2.00 7.79 4.41 4.40 2.47 2.07
1 44.60 20.11 8.07 2.73 10.62 1.66 3.80 0.49 0.56
1 36.65 31.16 10.12 0.61 4.80 3.46 3.34 1.52 0.96
1 37.13 25.20 10.22 2.03 7.57 2.59 4.73 0.78 0.86
1 38.58 14.39 12.11 1.93 15.75 4.44 2.96 1.05 1.23
1 34.77 33.79 8.47 0.70 3.97 2.36 6.21 0.57 0.56
1 37.21 39.04 6.06 0.79 2.51 1.65 4.50 0.42 0.55
1 35.37 36.24 7.86 0.97 2.30 2.13 5.89 0.55 0.49
1 40.06 30.21 7.97 0.85 2.45 2.65 4.80 0.68 0.85
1 33.41 37.15 5.24 0.70 2.08 1.82 6.05 0.71 0.37
1 29.06 18.77 5.66 0.85 2.51 4.91 2.95 0.81 1.08
1 20.19 33.39 2.79 0.92 1.03 4.68 4.25 2.51 0.69


