230 22  9
Aveiro 16
Beja 3
Braga 19
Braganca 3 
CasteloBranco 4
Coimbra 9
Evora 3
Faro 9
Guarda 3
Leiria 10
Lisboa 48
Portalegre 2
Porto 40
Santarem 9
Setubal 18
VianaDoCastelo 6
VilaReal 5
Viseu 8
Acores 5 
Madeira 6
Europa 2
ForaDaEuropa 2
PS PSD BE CH CDU PAN CDS IL L
41.37 27.67 4.40 7.18 4.30 1.58 1.60 4.91 1.28
17.9 21.8 7.9 13 3.2 2.3 2 7 2.7
1 39.52 35.68 4.58 5.64 1.80 1.26 2.46 4.47 0.79
1 43.73 15.94 3.72 10.27 18.42 0.88 0.76 2.06 0.73
1 42.02 34.78 3.75 5.81 2.63 1.19 1.66 4.33 0.79
1 40.30 40.28 2.09 8.55 1.36 0.60 2.08 1.60 0.35
1 47.65 27.40 4.25 8.31 2.91 0.98 1.56 2.55 0.81
1 45.23 29.15 5.09 6.13 3.39 1.20 1.51 3.62 1.02
1 43.95 21.41 3.33 9.15 14.56 0.84 1.14 2.47 0.63
1 39.87 24.35 5.76 12.30 4.81 2.16 1.08 4.64 1.08
1 45.10 33.52 3.07 7.95 1.77 0.66 2.21 1.93 0.54
1 35.73 34.68 4.54 8.02 3.11 1.31 2.05 5.26 1.05
1 40.83 24.16 4.72 7.77 5.98 1.99 1.65 7.90 2.44
1 47.21 23.23 2.90 11.46 7.58 0.64 1.19 2.08 0.55
1 42.53 32.33 4.78 4.37 3.28 1.70 1.46 5.11 1.16
1 41.19 26.87 4.59 10.91 5.43 1.16 1.90 3.77 0.89
1 45.73 16.15 5.75 9.03 10.05 1.99 1.12 5.13 1.42
1 42.06 34.17 3.48 6.06 3.00 0.98 3.36 2.87 0.72
1 41.29 40.01 2.32 7.19 1.69 0.77 1.58 1.80 0.55
1 41.55 36.81 2.83 7.79 1.62 0.91 2.05 2.53 0.64
1 42.84 29.27 4.27 5.93 1.49 1.37 4.65 4.11 0.92
1 31.47 34.25 3.23 6.08 2.03 1.64 5.57 3.34 0.72
1 32.98 14.99 2.42 7.09 1.29 1.06 2.70 2.47 1.44
1 29.76 37.46 2.61 9.59 1.41 4.53 2.14 3.55 1.00


