1000
1 37 562 81378
1 637 141 191117
1 653 66 185278
1 360 176 121992
3 627 590 137911
1 945 70 92345
1 909 541 83817
3 763 566 93335
3 909 541 57947
1 237 459 37517
3 330 170 10925
1 876 946 186147
3 915 849 191745
1 682 307 27580
1 122 978 160928
1 48 17 173053
3 37 22 170635
1 533 553 175048
1 639 568 184621
1 905 13 81540
3 800 270 20016
3 350 575 33053
1 890 140 155818
1 815 691 192602
3 298 435 156237
3 44 406 15268
3 130 798 172056
3 695 550 152592
1 922 205 7753
3 424 322 181720
1 267 122 66076
3 876 946 105933
3 473 392 155962
1 396 871 97331
1 707 357 114398
3 730 598 142027
1 3 30 94376
1 770 987 102604
1 224 5 139895
1 522 422 184854
1 613 16 167545
1 52 934 195114
1 556 128 131494
3 236 746 95213
3 265 540 45418
1 340 407 61324
1 354 414 10269
3 306 654 94582
3 761 765 22974
3 544 254 89197
1 639 164 148472
3 3 548 174592
1 585 105 105688
3 298 697 10062
1 788 867 187208
1 471 233 157332
3 961 110 23888
1 855 38 31973
1 589 112 97064
3 874 165 195961
3 542 667 54648
3 637 963 143203
3 296 152 138954
3 233 412 150080
3 520 355 19981
3 269 211 159925
3 272 216 96093
1 652 940 20149
1 268 883 29629
1 984 155 68964
3 582 182 41797
3 461 96 51009
3 771 401 164980
3 850 576 87776
3 817 299 100099
1 381 386 11001
1 869 46 189571
1 374 290 63397
1 328 882 79456
3 589 639 174434
3 370 107 53456
3 325 506 44968
1 162 151 46027
3 578 492 108827
3 296 152 163882
3 915 550 30855
3 268 883 12935
1 881 572 106558
1 440 112 22135
1 267 243 70165
3 843 864 13238
1 229 793 63399
1 806 132 176059
3 239 341 161219
1 441 974 47991
3 908 292 99142
3 604 847 61281
1 968 802 18394
1 732 195 147285
1 102 12 160973
1 890 948 185411
1 385 415 134299
1 761 169 164275
1 237 889 26031
1 79 631 171838
1 489 388 9491
1 202 992 187228
1 879 111 80980
3 36 663 18479
1 349 73 170996
3 268 423 104131
1 53 273 76903
3 320 512 153282
1 983 85 39960
3 876 946 162754
3 763 566 105306
3 448 258 117373
3 471 233 38694
1 951 800 193392
1 229 793 146272
1 420 847 38539
1 12 10 45722
1 486 671 110706
3 510 603 29812
1 786 422 133647
3 433 325 158244
1 42 539 108651
1 961 110 40496
3 175 337 9891
3 529 428 154158
3 326 401 192513
1 575 823 4626
1 412 848 67837
1 227 195 23499
3 5 785 145180
1 294 553 199153
3 822 143 97366
1 770 987 76753
1 798 183 47493
1 952 64 27998
1 771 401 89912
1 163 813 36386
1 55 889 63866
3 349 241 84367
1 546 52 31778
1 780 940 186157
1 517 7 40058
3 871 187 160894
1 502 739 163770
3 17 519 22087
1 968 634 194044
1 764 465 45813
3 356 477 58747
3 905 13 129833
1 262 925 138161
3 917 359 35910
3 739 228 118401
1 94 338 82832
1 589 639 46268
1 739 228 121846
3 528 926 91863
1 788 700 86378
3 881 572 126570
3 561 898 152165
1 267 243 41395
3 332 973 51022
1 63 195 62976
3 336 618 197119
3 530 28 112272
1 863 550 163325
3 409 113 127779
1 832 981 156539
3 332 973 104103
3 715 842 178947
1 169 101 12469
1 319 663 143272
3 890 140 175610
1 841 15 149993
1 74 829 69524
3 700 605 168466
1 68 527 36653
3 22 164 188100
1 79 631 26439
1 346 368 45426
3 233 143 124948
1 15 758 25387
2 12 10 45722
3 611 431 136107
1 232 936 182400
3 14 189 185892
1 88 804 6283
1 108 587 155818
3 177 894 142791
1 844 179 181781
1 566 665 31782
1 267 122 19165
3 35 513 148093
3 676 203 42882
3 665 580 147646
3 777 241 54926
1 661 794 103917
1 303 918 190195
3 414 933 83379
1 923 469 124045
1 211 530 66591
1 903 301 88439
3 871 187 82090
1 139 18 17928
3 708 773 148272
1 496 583 40391
3 406 608 9887
1 234 613 75938
3 748 254 161337
3 909 991 54414
3 424 624 95033
3 611 431 116161
3 127 314 5700
1 333 883 161192
1 677 443 97768
3 976 102 100251
1 420 847 95834
1 225 57 11234
1 923 469 28434
1 831 2 67334
1 506 277 155537
1 690 474 137756
3 122 978 15333
1 91 60 189842
1 37 22 126388
3 396 809 187004
1 890 347 30067
3 533 330 183635
1 330 170 86009
3 435 377 103844
1 356 41 79693
1 239 341 47622
3 727 921 126866
1 877 749 74955
3 139 865 108730
3 182 609 168068
2 877 749 74955
1 86 30 107351
1 317 883 86785
1 482 37 173420
1 393 421 146213
1 613 16 132040
1 607 848 108360
3 349 73 174122
1 204 174 2390
1 440 112 47650
1 278 725 113529
3 761 765 162160
1 575 823 186418
3 159 206 34166
1 140 668 71499
3 639 794 4504
1 219 422 12406
1 233 840 196693
3 833 699 119707
3 585 105 77750
1 370 899 141823
1 910 970 155270
1 109 52 4101
1 496 583 161758
1 354 414 88994
3 786 453 28043
1 5 785 193907
3 788 700 155013
3 259 931 143175
3 268 883 48804
3 747 483 67279
3 764 303 131124
1 799 751 92481
1 822 143 116048
1 432 774 123290
1 805 846 6006
1 546 727 175345
3 703 801 151896
3 293 857 82278
3 347 902 118903
3 520 835 61233
1 896 679 115946
1 73 130 88104
1 757 31 136822
1 546 52 164480
1 449 755 67421
1 751 963 100800
3 904 634 48516
1 448 259 3674
3 753 588 68254
3 160 644 105156
1 853 353 46818
3 656 853 179786
3 470 765 182146
1 24 927 176146
3 908 432 176700
3 880 852 9310
1 58 927 104383
1 611 431 6629
1 381 511 102372
3 524 995 195960
3 325 506 169073
1 915 849 156247
1 69 109 138702
1 470 618 70121
1 154 820 56074
3 954 35 127557
1 479 405 87261
1 22 651 80212
1 388 361 146660
1 963 81 175533
1 656 578 151643
1 372 171 106783
3 452 170 199918
1 397 746 53927
3 627 590 69536
1 700 605 88259
1 328 882 96317
1 63 195 69756
3 113 67 181745
1 107 585 158055
3 908 432 185511
3 349 241 50077
3 976 522 121485
1 777 139 194473
1 983 776 88822
1 877 590 122750
3 156 84 164201
3 114 279 106157
1 307 176 147717
1 249 23 92452
1 75 322 27240
1 455 228 41044
1 144 654 6072
1 747 483 104623
2 237 459 37517
1 571 617 122599
1 480 711 14220
1 62 555 148850
1 685 47 15760
3 204 863 169588
1 603 146 61892
1 88 665 98541
3 8 990 76026
3 460 859 72702
3 909 854 71353
1 453 56 172977
3 260 486 183240
1 44 138 150927
1 574 499 141182
1 75 829 20932
3 317 883 139580
1 578 492 60303
1 656 853 53846
3 120 932 181930
1 608 253 3133
1 355 655 89157
2 480 711 14220
3 628 47 23312
2 58 927 104383
3 432 976 69328
1 221 318 104405
1 62 555 116466
3 1000 510 11092
1 903 301 182078
1 812 219 34496
1 407 248 23050
1 130 798 17530
1 733 303 75755
1 164 673 158348
3 350 575 90176
2 806 132 176059
3 908 292 119834
3 420 847 90054
3 968 634 20200
3 60 749 8182
1 653 89 141902
3 229 860 136652
3 214 51 132913
1 992 448 53435
3 676 203 183437
1 11 282 157937
3 655 24 199621
3 904 634 135649
3 577 37 6065
3 869 731 45227
3 294 553 77628
1 409 769 140877
1 8 990 135263
1 261 270 176689
1 556 128 37117
1 447 287 45781
1 44 910 139771
1 35 513 86471
1 686 507 174761
3 196 852 17190
3 204 174 145304
3 831 2 148108
1 956 42 9719
1 618 398 76533
3 843 864 123407
1 753 536 41677
3 976 102 155309
3 531 248 85126
1 95 327 130118
1 743 666 59311
1 454 912 73703
1 921 334 166221
1 134 281 51148
3 661 541 78327
3 414 835 145957
1 524 822 21746
1 341 100 100267
1 170 763 24711
2 35 513 86471
1 341 868 55244
3 111 250 145357
2 732 195 147285
1 515 999 96441
1 456 1000 192321
1 524 369 66289
1 1000 6 7373
1 596 121 78429
3 419 476 126878
3 764 465 111018
1 952 64 189573
3 403 265 31073
3 699 284 37950
3 485 177 138627
1 69 29 92684
3 846 735 1806
3 253 218 19025
1 211 800 31755
3 389 527 57512
1 708 497 195470
1 349 241 159438
3 35 513 56962
3 98 594 134167
1 486 437 114284
3 762 780 68016
3 420 847 152498
1 583 373 118360
1 228 487 105028
1 656 359 44019
2 354 414 88994
1 595 247 119711
1 872 309 70975
1 852 872 110707
3 69 29 21437
3 471 518 42797
1 968 634 41967
1 269 211 30988
1 421 137 116988
1 777 139 128220
1 929 481 28459
3 893 153 135966
1 341 933 84030
3 930 642 16396
3 852 872 74620
3 338 490 13805
1 612 611 129740
3 965 253 21523
3 549 915 171457
1 710 253 82494
1 253 218 48345
1 907 235 1019
3 945 70 9864
3 447 797 7862
3 24 423 103302
1 470 765 161470
3 929 481 38739
1 729 379 122684
3 546 238 187357
3 235 486 19513
1 661 794 37245
1 661 541 62370
3 385 415 126628
3 571 617 41760
1 753 536 101097
3 676 203 98155
1 637 705 84215
1 682 307 22342
3 295 860 119860
1 391 437 38906
1 144 707 154928
1 617 734 149430
2 780 940 186157
3 69 398 93792
1 543 93 104454
3 489 388 196948
1 903 57 20839
2 374 290 63397
3 409 769 129694
1 42 539 7350
1 794 8 26232
3 163 313 11165
1 200 954 14640
3 871 187 61082
3 44 138 61068
3 249 54 180976
2 739 228 121846
1 335 331 46882
3 915 550 74057
1 44 138 70967
3 56 548 129548
1 261 536 70473
3 589 639 99780
1 117 703 157846
3 515 999 28502
1 639 197 78685
1 350 909 42838
2 951 800 193392
3 648 373 21156
3 190 619 167851
1 916 198 90003
1 63 725 158436
1 829 667 24131
3 381 511 8695
1 95 227 87466
1 15 758 177817
3 192 1000 152807
1 139 865 3359
3 34 979 161281
3 575 170 185875
1 287 863 4966
1 715 842 55840
3 542 483 99851
1 650 503 36760
1 219 530 84437
3 160 644 168191
3 202 855 69347
3 342 411 178602
1 79 393 113050
2 637 141 191117
1 655 506 76369
1 982 212 153280
1 747 483 182528
3 656 578 138969
1 394 593 29563
3 623 470 169771
3 212 837 193558
1 329 665 111915
1 122 229 160256
2 341 868 55244
1 788 700 142082
1 202 992 1223
3 421 137 72309
3 374 991 172532
1 908 432 89083
1 56 548 100576
3 208 215 176453
1 614 88 172813
1 786 422 21981
1 449 755 65569
3 146 870 50037
1 272 88 184429
1 351 96 15057
1 884 28 63735
3 533 450 1565
3 877 904 16848
2 268 883 29629
2 140 668 71499
2 753 536 41677
2 876 946 186147
1 244 235 17485
3 190 619 85126
1 433 325 22456
1 760 328 102501
1 136 615 115779
1 377 536 52223
3 56 834 101162
1 165 418 75533
1 1000 6 125590
1 730 273 5742
1 732 609 12891
3 366 552 43975
3 673 198 118975
3 268 423 13467
1 366 552 75220
3 291 770 171042
3 461 96 130261
3 710 557 67727
3 832 981 39357
3 342 411 1228
1 932 375 69918
3 4 985 145116
1 795 683 196326
3 708 773 171585
3 262 925 85685
3 776 604 66488
1 536 550 71372
3 579 982 182181
1 539 975 56952
3 376 914 62130
1 351 96 98564
2 221 318 104405
1 724 406 171189
1 139 611 129973
1 116 537 119444
1 236 746 95628
1 264 221 78935
1 468 154 129995
1 169 101 30341
3 280 537 197305
3 34 979 7594
2 639 568 184621
1 139 18 183024
1 498 864 142126
3 1000 6 20101
1 263 97 172144
2 227 195 23499
1 372 394 109444
1 296 152 135665
1 655 24 51051
1 101 176 108941
3 961 110 129442
3 446 843 134416
1 131 720 68688
1 80 67 186732
1 341 868 129888
1 76 213 72538
1 336 712 134922
3 596 43 83089
1 123 638 64425
3 180 651 7374
3 440 112 78822
3 280 537 13894
1 9 76 44054
3 681 640 3564
1 872 309 86489
3 748 866 61333
3 181 917 19302
1 732 609 174976
1 937 403 105496
1 656 853 38203
2 5 785 193907
3 370 107 190646
1 244 651 185826
3 112 309 190097
3 887 345 91004
1 546 510 110356
3 468 599 176750
3 341 868 5362
1 338 490 193902
1 448 259 61829
1 455 228 177303
3 708 497 36463
3 809 344 77107
1 854 937 101896
1 162 151 194208
3 908 292 144076
1 329 665 126091
1 655 24 65996
3 931 389 29399
3 106 262 100929
3 112 309 44607
3 937 346 100055
1 446 843 195711
1 165 228 92753
3 95 227 189320
3 237 967 186878
1 47 487 102473
1 419 476 49115
1 535 667 85024
2 910 970 155270
1 556 935 146367
3 272 402 183680
3 388 361 186281
2 724 406 171189
1 376 914 56249
1 869 138 144130
1 158 748 81792
2 982 212 153280
1 17 519 134810
1 81 484 114056
3 25 880 139536
1 338 490 150748
3 471 518 124372
1 486 671 62611
1 549 915 171555
1 229 860 62679
1 661 541 28017
3 791 262 45582
3 639 197 20079
3 404 841 57935
1 635 337 60936
2 468 154 129995
3 29 737 18683
1 527 695 178407
3 555 844 156976
1 249 23 2378
3 467 975 55558
1 535 482 139661
3 484 9 83372
2 239 341 47622
1 546 795 17837
2 441 974 47991
1 571 281 70924
1 52 567 197200
3 941 203 138949
1 107 585 139872
1 99 990 23499
1 47 487 152000
3 282 62 113425
1 95 227 151032
1 770 987 120385
1 407 628 45795
3 530 250 152357
1 294 797 143161
1 144 654 12352
3 563 404 170832
1 314 286 61055
1 980 31 173510
3 233 840 159751
3 531 248 65900
1 274 585 120059
3 983 85 187106
2 613 16 167545
3 972 487 31726
2 770 987 120385
1 170 763 179361
3 730 598 152390
3 732 608 70175
3 220 857 75271
3 377 536 185260
1 623 470 44135
1 608 253 110300
1 71 505 175525
3 388 361 171981
1 232 936 183124
1 318 198 63371
1 122 978 55
1 863 550 175223
1 298 333 90600
1 470 618 138509
1 468 154 124653
1 149 382 37535
1 721 364 148214
1 400 679 92408
3 585 482 27064
3 429 320 99552
3 138 207 163581
3 141 328 32678
3 768 890 110359
1 776 604 28488
3 812 219 123310
1 785 323 58837
3 528 926 145214
3 44 138 124789
1 187 856 57405
3 357 703 86969
1 927 382 181828
3 751 390 195680
1 133 485 160926
1 120 85 18022
1 68 527 122125
1 506 428 176441
1 951 455 410
3 770 987 50823
1 102 12 152179
1 69 29 74521
1 220 857 81643
3 429 905 103565
3 638 387 163170
3 780 940 164025
1 232 936 67654
1 688 715 187875
3 127 644 94667
3 214 51 189594
1 250 324 68667
1 685 751 166172
1 710 557 36504
3 224 5 20888
1 815 691 69649
1 515 146 161428
1 420 847 96108
1 156 84 43196
1 249 54 47483
3 448 274 38260
3 356 95 114187
3 764 243 97006
1 730 598 111747
1 295 860 95206
1 67 638 158618
3 276 108 136726
3 737 498 36265
1 409 113 110434
1 193 929 105642
1 68 527 105535
3 829 667 64853
3 393 421 183596
3 821 567 93766
1 624 509 85939
1 44 378 32107
1 419 476 117414
1 433 325 11059
1 560 985 81633
1 546 52 115436
1 155 370 48931
3 8 990 36488
3 351 96 91264
3 98 59 98197
2 130 798 17530
1 968 126 139485
1 872 905 11271
1 838 602 85836
1 305 727 49840
3 785 323 60420
3 594 489 101412
3 890 140 128566
1 322 889 140753
2 377 536 52223
1 186 766 158576
1 127 255 127673
3 990 675 109253
1 673 198 134946
3 770 987 68481
3 456 802 1567
3 470 618 158568
3 403 265 172384
1 162 151 118577
1 51 730 165537
1 930 642 12458
2 233 840 196693
1 815 691 143459
3 740 928 91179
3 622 437 123626
3 791 262 18569
1 520 835 96803
1 710 775 180880
3 330 170 13968
1 880 852 186218
1 747 483 183309
1 679 162 155671
1 496 387 186051
1 761 169 15458
3 661 794 25071
3 294 553 171158
1 94 730 78519
3 304 608 129777
3 872 905 122365
1 311 510 48354
1 585 482 62905
2 1000 6 125590
3 776 604 79821
1 22 935 184510
1 63 195 76142
1 502 748 76117
3 856 475 3688
1 407 252 30798
3 29 737 80000
1 628 47 57605
1 831 2 19763
3 14 189 157964
1 866 667 85371
1 366 799 79297
1 208 215 84662
1 63 725 31952
3 366 799 10508
3 439 740 78302
1 624 509 109771
1 211 530 176027
3 607 278 62287
1 366 799 57101
3 24 927 45747
1 116 79 133067
3 747 483 44775
1 530 250 52742
3 975 626 58898
1 575 823 148272
1 204 174 175304
1 348 773 132193
3 710 557 69763
1 385 415 153969
3 211 252 74437
1 585 105 184268
2 446 843 195711
3 453 56 65787
1 908 636 152701
2 71 505 175525
2 67 638 158618
3 407 252 105063
2 330 170 86009
1 843 864 158532
3 316 89 97811
1 204 174 11453
3 42 321 99457
1 555 844 87683
1 833 699 126175
1 747 143 20851
2 63 195 62976
1 607 278 26650
3 63 195 42020
3 182 609 8330
3 374 991 19097
3 301 141 95518
3 404 841 181427
3 761 169 195051
1 794 8 165227
3 272 216 87168
1 190 619 44849
3 455 228 153345
1 63 725 41400
1 456 1000 47061
1 804 78 90709
2 208 215 84662
1 440 108 174408
3 467 975 97580
1 434 851 24660
1 614 88 135121
1 535 892 143051
1 372 171 103348
1 158 748 53932
2 261 536 70473
3 733 303 106219
3 533 330 159886
1 159 206 185496
1 510 241 40911
3 673 198 170966
3 224 830 116881
1 763 566 66206
1 76 153 45884
3 182 609 58707
1 160 644 25794
1 305 727 107903
3 761 765 24225
3 383 10 100536
2 560 985 81633
1 503 821 149588
1 696 614 146846
1 449 755 124460
1 931 389 59608
3 264 221 95348
3 300 264 5911
3 224 554 187005
3 833 277 122829
1 676 497 130195
1 20 529 82112
3 923 469 45505
1 15 948 115161
1 763 566 17712
3 384 111 15851
3 317 50 160325
3 382 951 102815
3 96 99 77770
1 158 748 108705
3 137 566 169527
1 907 235 74749
3 725 206 124495
3 932 375 88601
3 146 870 167495
3 985 190 45986
3 854 937 190231
1 220 857 138037
1 9 76 35044
1 566 665 119696
3 304 170 103346
1 544 254 161587
1 280 537 122802
1 915 849 59482
1 218 907 39466
1 282 62 49639
1 874 604 69786
1 621 278 88964
1 229 860 122128
1 854 937 158676
1 211 252 1439
1 76 213 37694
1 984 155 117666
1 419 476 55718
1 563 194 37965
3 86 30 87277
3 65 364 32870
3 141 328 102413
1 725 445 99853
1 603 146 50905
2 322 889 140753
1 743 840 183712
3 288 530 16983
1 621 278 152154
3 595 247 64860
1 394 673 46438
3 154 820 30306
1 60 930 157334
3 314 235 59794
3 506 428 129249
3 439 740 53286
3 385 622 46104
1 988 716 102091
1 29 788 157359
1 168 330 127658
3 199 471 197243
2 456 1000 192321
1 44 371 113114
3 88 665 132899
3 14 189 80953
3 481 104 7918
1 727 921 79469
1 294 553 30791
2 556 935 146367
