1000
1 615 10 2
3 414 18 3
3 287 435 5
3 287 435 1
1 615 10 3
1 713 988 1
1 292 90 1
3 292 90 4
1 414 18 5
3 414 18 1
1 292 90 5
3 713 988 2
1 615 10 1
2 414 18 5
1 287 435 4
2 615 10 3
1 430 935 1
3 615 10 3
3 292 90 2
1 713 988 5
1 615 10 3
1 933 680 4
3 414 18 3
1 271 237 2
3 292 90 5
3 713 988 4
1 637 989 4
3 933 680 3
3 38 454 1
3 414 18 2
1 271 237 3
1 615 10 4
2 271 237 2
3 933 680 4
3 713 988 5
3 38 454 2
3 271 237 2
1 933 680 1
3 414 18 3
3 637 989 5
1 430 935 4
1 933 680 5
3 414 18 5
1 933 680 3
1 292 90 2
3 615 10 1
1 713 988 3
2 292 90 1
3 430 935 5
1 292 90 3
1 271 237 5
1 713 988 4
1 615 10 5
1 414 18 1
3 287 435 2
1 430 935 3
1 292 90 1
3 615 10 3
3 430 935 3
3 430 935 2
3 414 18 1
3 615 10 2
2 414 18 1
3 414 18 5
2 430 935 3
3 637 989 2
1 933 680 2
1 414 18 3
3 615 10 2
1 38 454 5
3 414 18 4
3 637 989 5
1 38 454 4
3 292 90 5
1 271 237 1
1 292 90 4
3 271 237 2
2 713 988 4
2 414 18 3
2 637 989 4
2 292 90 4
2 271 237 5
3 933 680 4
1 287 435 1
1 430 935 2
2 933 680 4
1 637 989 4
2 615 10 1
2 615 10 3
1 292 90 4
1 287 435 2
1 414 18 3
2 287 435 2
3 292 90 2
1 933 680 4
3 287 435 2
2 637 989 4
2 713 988 5
3 38 454 5
2 292 90 2
1 637 989 2
1 271 237 4
3 933 680 4
1 271 237 2
3 287 435 3
3 615 10 3
3 430 935 1
3 615 10 4
1 414 18 2
2 38 454 5
3 292 90 1
3 38 454 5
3 38 454 5
2 271 237 4
1 615 10 1
3 713 988 1
3 933 680 5
3 414 18 1
1 292 90 2
2 292 90 4
1 615 10 3
3 933 680 1
3 637 989 4
3 292 90 4
1 292 90 4
2 414 18 2
3 292 90 3
3 292 90 4
3 933 680 1
1 271 237 5
2 615 10 3
3 933 680 1
3 414 18 4
3 933 680 4
1 38 454 1
2 292 90 1
3 615 10 4
1 292 90 1
1 287 435 2
1 38 454 2
3 38 454 3
1 414 18 5
1 713 988 4
3 933 680 3
3 637 989 3
1 287 435 5
3 38 454 3
1 637 989 3
1 615 10 3
1 38 454 3
1 287 435 3
3 615 10 3
3 292 90 3
1 414 18 1
3 292 90 1
2 615 10 5
2 933 680 4
2 271 237 1
1 430 935 5
3 414 18 2
3 430 935 4
3 713 988 1
2 637 989 2
3 615 10 2
3 615 10 3
1 38 454 5
3 38 454 1
1 933 680 4
2 637 989 3
3 271 237 3
1 271 237 4
2 615 10 3
3 271 237 3
3 38 454 1
1 430 935 3
1 713 988 2
3 615 10 1
3 414 18 1
3 38 454 4
2 292 90 3
3 414 18 2
3 271 237 3
3 430 935 4
1 637 989 5
2 292 90 2
2 287 435 5
3 933 680 4
1 414 18 2
1 615 10 3
2 933 680 4
1 271 237 1
3 430 935 5
1 615 10 5
3 933 680 5
2 933 680 2
2 933 680 1
3 615 10 1
3 414 18 5
3 287 435 2
2 287 435 1
3 615 10 1
3 933 680 4
2 292 90 5
1 933 680 4
2 615 10 2
2 430 935 3
3 430 935 5
2 637 989 5
1 713 988 5
1 637 989 3
1 615 10 2
3 430 935 1
1 287 435 5
3 615 10 5
3 933 680 2
2 713 988 5
3 615 10 5
3 615 10 4
3 38 454 1
1 713 988 5
3 38 454 3
3 933 680 5
1 430 935 3
3 713 988 4
3 637 989 5
1 287 435 1
2 271 237 4
3 38 454 3
3 713 988 3
3 38 454 1
3 414 18 1
3 38 454 2
1 637 989 4
2 38 454 2
3 615 10 3
3 615 10 1
1 637 989 2
3 38 454 2
3 287 435 1
2 713 988 4
1 414 18 4
1 637 989 1
3 414 18 5
3 637 989 5
3 287 435 4
3 713 988 4
2 414 18 2
1 637 989 5
1 38 454 2
1 933 680 2
3 38 454 3
1 713 988 4
3 430 935 1
2 292 90 4
1 292 90 5
1 933 680 1
3 933 680 4
3 615 10 4
2 271 237 1
3 713 988 2
3 414 18 5
3 713 988 2
3 38 454 1
3 430 935 1
1 414 18 2
3 933 680 3
3 933 680 3
3 414 18 5
2 287 435 3
3 287 435 5
3 933 680 1
2 271 237 5
3 637 989 1
3 933 680 2
3 271 237 3
2 615 10 2
1 287 435 3
2 38 454 2
1 271 237 1
3 292 90 2
3 430 935 3
3 271 237 1
3 38 454 2
3 38 454 3
3 713 988 5
3 38 454 5
3 287 435 2
3 38 454 5
3 637 989 3
2 287 435 2
3 713 988 4
3 414 18 2
1 38 454 2
3 414 18 1
3 637 989 1
3 615 10 2
1 292 90 2
1 615 10 2
3 933 680 5
3 430 935 1
3 430 935 4
3 414 18 1
3 637 989 5
3 933 680 3
3 713 988 4
3 271 237 4
1 271 237 4
2 287 435 1
3 292 90 3
3 615 10 4
3 933 680 4
3 933 680 3
3 713 988 4
3 637 989 1
3 271 237 5
3 38 454 3
3 615 10 2
3 933 680 2
3 414 18 1
2 430 935 4
3 292 90 5
1 271 237 5
1 430 935 4
3 430 935 5
3 430 935 1
3 38 454 2
3 287 435 2
3 414 18 2
3 271 237 2
3 430 935 4
3 615 10 4
2 713 988 2
3 38 454 3
3 637 989 2
3 637 989 2
3 38 454 2
3 637 989 4
1 292 90 3
3 271 237 5
3 430 935 4
3 414 18 2
3 713 988 5
3 414 18 3
3 933 680 2
3 933 680 2
1 287 435 2
3 271 237 1
2 414 18 2
3 414 18 5
2 713 988 4
3 615 10 3
3 615 10 1
3 933 680 2
3 637 989 1
3 637 989 3
2 38 454 1
1 414 18 2
2 713 988 1
3 292 90 2
3 933 680 4
3 933 680 3
3 271 237 3
3 615 10 1
2 713 988 3
3 287 435 1
3 271 237 1
3 414 18 1
2 271 237 4
1 38 454 1
3 713 988 3
1 271 237 4
3 615 10 2
2 430 935 5
3 430 935 2
3 933 680 5
1 292 90 4
2 292 90 1
3 271 237 1
2 637 989 5
2 287 435 3
3 637 989 4
3 38 454 4
3 933 680 3
3 38 454 3
3 414 18 1
1 713 988 3
3 637 989 1
2 292 90 5
2 287 435 4
1 430 935 5
2 615 10 4
3 430 935 5
3 271 237 5
1 713 988 4
3 287 435 4
3 430 935 1
1 287 435 4
1 713 988 2
2 615 10 1
2 615 10 2
3 430 935 3
3 414 18 3
2 287 435 5
3 615 10 2
1 713 988 1
3 287 435 4
3 292 90 3
3 271 237 5
3 414 18 3
3 933 680 4
1 292 90 1
1 615 10 2
3 292 90 5
1 287 435 3
2 615 10 2
3 271 237 3
3 414 18 1
2 430 935 1
1 637 989 5
3 271 237 2
3 292 90 1
1 430 935 1
2 615 10 3
3 430 935 3
3 38 454 2
3 38 454 2
3 933 680 4
3 933 680 3
3 430 935 4
3 271 237 2
3 287 435 1
3 414 18 2
3 637 989 4
3 637 989 3
3 933 680 3
2 713 988 2
1 615 10 4
3 292 90 5
2 430 935 1
2 414 18 2
1 287 435 5
1 713 988 2
1 292 90 5
3 615 10 4
1 287 435 1
3 38 454 4
3 615 10 4
1 430 935 1
2 615 10 4
2 38 454 2
3 637 989 4
3 287 435 5
1 38 454 2
1 414 18 2
3 615 10 5
3 713 988 1
3 933 680 5
2 430 935 5
3 414 18 2
3 271 237 1
3 430 935 1
3 271 237 4
3 637 989 3
3 430 935 4
3 287 435 4
3 933 680 1
3 292 90 3
3 933 680 3
3 414 18 2
1 430 935 5
3 933 680 1
2 713 988 3
3 713 988 5
2 414 18 1
3 637 989 5
3 430 935 1
3 615 10 5
3 38 454 2
3 933 680 1
3 292 90 2
3 933 680 2
3 414 18 3
2 430 935 4
3 414 18 2
3 933 680 1
3 271 237 3
3 637 989 5
3 637 989 5
1 414 18 1
3 271 237 3
1 713 988 3
3 271 237 4
2 713 988 4
3 292 90 2
3 615 10 4
3 933 680 4
1 713 988 4
2 271 237 4
3 271 237 4
3 933 680 4
3 414 18 3
3 615 10 2
1 430 935 4
3 615 10 4
3 38 454 1
3 933 680 3
2 615 10 5
3 414 18 2
3 933 680 1
3 292 90 5
3 271 237 4
2 713 988 5
3 292 90 1
3 430 935 1
3 713 988 3
3 933 680 5
3 38 454 5
3 287 435 4
3 287 435 3
3 430 935 4
3 287 435 1
3 292 90 2
2 38 454 1
2 430 935 4
2 38 454 4
3 933 680 1
3 271 237 5
1 615 10 5
2 713 988 3
3 933 680 5
3 713 988 5
3 38 454 2
2 287 435 2
3 933 680 5
1 287 435 2
2 271 237 2
3 713 988 4
1 430 935 4
1 713 988 5
3 271 237 5
3 637 989 3
1 713 988 3
3 292 90 3
3 933 680 1
3 933 680 5
3 933 680 4
3 713 988 2
2 271 237 5
3 430 935 5
1 615 10 4
3 38 454 5
2 615 10 5
3 430 935 3
3 933 680 2
3 271 237 5
3 292 90 5
3 414 18 2
3 287 435 3
1 38 454 1
2 414 18 3
1 615 10 5
3 713 988 5
2 933 680 3
2 292 90 5
1 271 237 2
3 287 435 2
2 713 988 2
2 713 988 4
3 271 237 2
2 292 90 4
3 713 988 5
1 271 237 5
2 287 435 3
3 637 989 4
1 271 237 4
1 38 454 4
2 414 18 2
3 292 90 5
2 38 454 2
3 271 237 1
1 933 680 3
3 933 680 2
3 271 237 2
1 615 10 2
3 637 989 2
3 271 237 1
2 38 454 1
3 933 680 4
3 38 454 1
3 430 935 4
3 430 935 4
3 637 989 4
1 292 90 5
3 430 935 1
3 933 680 2
3 713 988 2
3 430 935 1
3 287 435 2
3 637 989 2
3 637 989 1
2 713 988 3
3 933 680 4
3 615 10 3
3 933 680 5
1 414 18 2
1 414 18 3
3 933 680 5
2 933 680 4
1 292 90 4
3 713 988 5
2 271 237 2
2 292 90 5
3 933 680 5
3 287 435 4
3 637 989 4
3 430 935 2
3 430 935 1
2 287 435 2
3 933 680 1
3 933 680 4
3 271 237 2
2 414 18 5
3 430 935 1
3 271 237 2
3 292 90 2
3 933 680 4
3 287 435 3
1 615 10 3
2 287 435 4
3 38 454 1
1 615 10 1
3 430 935 4
3 713 988 5
3 38 454 2
3 615 10 2
3 430 935 1
3 615 10 2
2 615 10 3
1 414 18 5
1 292 90 5
1 38 454 2
3 292 90 4
1 287 435 4
3 38 454 3
2 271 237 4
2 615 10 5
2 271 237 5
2 271 237 3
3 414 18 3
3 414 18 1
3 430 935 3
2 615 10 1
3 713 988 2
3 414 18 3
1 271 237 5
3 637 989 2
2 713 988 5
3 637 989 2
3 615 10 2
2 414 18 1
1 713 988 3
3 637 989 1
3 414 18 1
2 287 435 4
1 713 988 5
3 933 680 4
2 713 988 1
2 38 454 2
3 292 90 2
2 287 435 1
3 292 90 2
3 271 237 2
3 615 10 5
1 414 18 1
3 414 18 2
3 414 18 2
3 414 18 2
3 38 454 4
1 271 237 3
3 637 989 5
3 414 18 5
2 713 988 5
2 615 10 4
3 615 10 1
1 615 10 1
1 615 10 3
2 637 989 4
1 271 237 4
3 637 989 4
3 713 988 1
2 414 18 1
2 637 989 2
3 615 10 3
3 414 18 1
1 615 10 5
3 637 989 4
2 271 237 3
3 430 935 4
1 38 454 2
1 287 435 3
3 637 989 2
3 713 988 2
3 414 18 2
1 713 988 2
1 38 454 1
1 287 435 2
3 713 988 3
2 287 435 3
1 933 680 4
1 287 435 3
3 292 90 3
3 287 435 4
1 271 237 3
3 615 10 1
3 615 10 4
3 287 435 5
3 713 988 1
1 637 989 2
1 271 237 2
3 933 680 3
2 414 18 3
2 615 10 2
3 430 935 4
3 414 18 5
1 615 10 2
2 38 454 1
3 38 454 2
3 430 935 4
1 414 18 3
3 637 989 3
1 615 10 4
3 615 10 5
1 287 435 1
2 287 435 5
3 430 935 2
3 430 935 4
3 292 90 4
2 430 935 2
3 38 454 1
1 38 454 1
3 271 237 3
1 713 988 1
1 637 989 4
1 287 435 4
3 637 989 2
3 271 237 4
3 414 18 4
2 933 680 1
3 615 10 2
2 292 90 5
3 933 680 5
3 615 10 3
2 615 10 5
3 713 988 2
3 38 454 1
1 615 10 5
3 713 988 1
1 287 435 5
3 287 435 5
1 713 988 5
3 713 988 5
3 615 10 2
2 933 680 5
3 615 10 5
1 933 680 5
2 430 935 3
3 637 989 3
3 637 989 5
2 430 935 1
2 430 935 5
1 713 988 4
3 271 237 1
2 287 435 1
2 292 90 3
3 430 935 4
2 615 10 2
3 38 454 3
3 637 989 1
3 637 989 2
3 637 989 5
3 933 680 4
1 414 18 1
2 430 935 4
3 292 90 2
1 615 10 2
2 933 680 5
2 615 10 3
1 430 935 3
3 713 988 3
3 38 454 4
3 38 454 5
2 414 18 2
1 414 18 2
2 38 454 4
2 615 10 5
3 414 18 2
1 615 10 5
3 615 10 1
2 430 935 3
3 933 680 5
2 292 90 2
2 287 435 3
3 637 989 2
1 615 10 3
3 38 454 3
3 430 935 1
2 414 18 1
3 713 988 4
2 292 90 1
3 615 10 2
3 713 988 2
1 414 18 1
3 713 988 3
2 287 435 2
3 414 18 4
3 713 988 4
2 292 90 4
3 713 988 2
3 271 237 5
1 430 935 2
3 271 237 1
3 414 18 5
3 414 18 2
1 430 935 3
3 287 435 5
2 637 989 3
1 933 680 1
3 615 10 5
1 287 435 2
3 38 454 3
2 637 989 5
1 287 435 3
3 615 10 3
3 414 18 3
2 414 18 5
1 287 435 1
3 271 237 2
3 933 680 2
3 414 18 1
1 637 989 5
1 430 935 5
3 615 10 3
1 38 454 4
1 637 989 3
3 615 10 1
1 292 90 2
3 287 435 1
3 271 237 5
3 637 989 1
3 414 18 3
3 430 935 2
3 38 454 1
3 38 454 1
3 933 680 2
3 271 237 3
3 637 989 2
3 287 435 3
3 713 988 3
2 38 454 3
1 933 680 5
1 430 935 1
2 271 237 1
3 287 435 5
3 287 435 4
3 271 237 3
2 287 435 5
1 430 935 4
3 713 988 5
3 713 988 4
3 713 988 4
3 713 988 5
3 615 10 3
2 933 680 4
2 271 237 5
3 414 18 1
3 615 10 2
3 637 989 4
2 430 935 4
3 414 18 2
3 414 18 1
2 637 989 5
3 430 935 5
3 292 90 2
3 713 988 4
1 287 435 5
3 38 454 2
3 430 935 2
1 933 680 4
3 287 435 5
3 933 680 3
2 292 90 2
2 637 989 2
3 713 988 2
1 414 18 5
3 414 18 4
3 933 680 2
3 713 988 4
3 933 680 4
3 287 435 1
2 271 237 3
3 933 680 2
2 713 988 4
3 637 989 2
3 933 680 3
1 292 90 3
3 271 237 3
3 637 989 2
1 713 988 4
3 615 10 3
3 933 680 3
3 414 18 3
1 430 935 4
1 292 90 5
3 615 10 4
3 430 935 4
2 615 10 1
3 414 18 2
2 637 989 4
2 430 935 3
2 271 237 4
3 615 10 2
1 637 989 2
3 271 237 1
2 615 10 5
3 271 237 4
1 271 237 3
3 414 18 4
3 292 90 1
3 933 680 1
3 933 680 5
3 713 988 2
3 430 935 1
3 430 935 4
1 430 935 3
1 637 989 4
2 430 935 2
3 287 435 1
3 615 10 4
3 414 18 3
3 615 10 4
3 637 989 1
3 615 10 1
1 38 454 3
3 292 90 5
2 287 435 1
3 637 989 1
3 414 18 1
3 637 989 2
3 38 454 4
1 637 989 5
3 933 680 2
1 292 90 2
3 287 435 5
1 430 935 2
3 430 935 3
2 271 237 3
3 271 237 2
1 287 435 1
3 38 454 4
3 933 680 1
1 615 10 1
2 933 680 4
3 287 435 1
3 38 454 5
3 615 10 4
3 271 237 1
3 430 935 5
2 615 10 2
2 713 988 3
3 292 90 1
2 414 18 4
3 615 10 4
1 292 90 1
1 292 90 4
2 287 435 4
3 292 90 2
3 292 90 3
2 430 935 4
1 933 680 4
2 637 989 4
3 933 680 5
1 713 988 3
3 287 435 5
3 713 988 5
3 38 454 1
1 637 989 4
3 615 10 2
3 637 989 4
3 637 989 4
2 38 454 4
3 271 237 2
1 287 435 4
1 271 237 4
3 637 989 1
1 430 935 4
3 271 237 4
3 713 988 4
3 615 10 1
2 292 90 5
3 414 18 3
