1000
1 673 497 740
3 672 147 118
1 656 887 274
1 656 887 143
1 476 527 262
1 656 887 308
2 673 497 740
1 476 527 280
2 476 527 262
1 656 887 916
3 672 147 266
1 825 955 720
1 672 147 525
1 825 955 908
1 673 497 194
1 825 955 314
3 656 887 952
2 825 955 720
1 656 887 624
1 825 955 487
2 476 527 280
1 656 887 241
2 672 147 525
1 672 147 979
1 673 497 880
3 672 147 391
1 673 497 856
1 825 955 605
3 673 497 901
1 672 147 71
3 672 147 918
1 825 955 230
3 476 527 96
1 656 887 636
1 673 497 578
3 673 497 368
3 476 527 208
3 672 147 587
1 825 955 508
1 656 887 153
2 656 887 153
3 673 497 642
1 672 147 606
3 672 147 59
2 672 147 979
3 656 887 673
1 825 955 312
3 656 887 529
3 476 527 362
3 673 497 480
1 825 955 640
3 673 497 948
1 656 887 543
3 476 527 725
1 476 527 450
1 476 527 868
3 825 955 616
2 672 147 606
1 672 147 875
1 656 887 411
1 672 147 413
1 825 955 829
1 656 887 72
3 825 955 195
2 673 497 194
1 476 527 479
2 656 887 308
1 825 955 142
2 476 527 868
2 825 955 312
1 825 955 256
3 656 887 995
1 672 147 984
1 656 887 713
1 672 147 226
1 476 527 965
3 673 497 539
3 825 955 382
3 656 887 983
3 673 497 45
3 672 147 875
1 673 497 120
3 825 955 420
3 673 497 440
2 672 147 413
3 673 497 633
2 656 887 636
1 476 527 534
1 476 527 470
1 656 887 362
3 673 497 69
3 825 955 629
1 656 887 343
1 825 955 715
2 476 527 450
3 656 887 867
1 672 147 999
1 672 147 822
1 673 497 554
1 656 887 910
3 673 497 375
1 672 147 935
3 673 497 773
1 672 147 544
1 476 527 616
3 673 497 478
1 476 527 531
3 656 887 338
3 825 955 582
1 656 887 932
3 476 527 181
3 673 497 870
3 476 527 89
2 825 955 487
3 476 527 685
3 476 527 964
1 673 497 540
2 656 887 343
2 825 955 908
2 656 887 241
2 476 527 965
3 673 497 359
3 656 887 197
2 672 147 71
3 673 497 63
1 825 955 718
1 672 147 186
1 476 527 79
2 476 527 479
2 673 497 856
2 476 527 531
1 656 887 641
1 672 147 430
1 673 497 477
1 656 887 194
2 476 527 470
2 672 147 226
1 673 497 372
3 673 497 886
3 672 147 508
3 476 527 514
2 673 497 372
3 476 527 873
1 476 527 256
2 825 955 230
3 656 887 842
3 825 955 606
3 476 527 551
3 656 887 425
3 673 497 100
3 656 887 756
2 672 147 186
2 673 497 554
3 476 527 907
1 476 527 52
3 673 497 67
3 825 955 176
1 476 527 60
3 825 955 222
1 825 955 305
3 476 527 812
3 656 887 948
1 672 147 158
1 825 955 756
1 672 147 735
1 672 147 870
1 825 955 933
2 476 527 534
1 825 955 255
3 825 955 626
1 672 147 73
3 672 147 787
3 476 527 879
1 656 887 934
1 672 147 986
3 656 887 681
3 672 147 695
1 656 887 321
3 476 527 936
3 672 147 321
1 656 887 228
2 656 887 916
3 825 955 711
3 476 527 126
3 476 527 666
1 825 955 341
1 825 955 11
1 673 497 758
1 672 147 125
3 656 887 118
3 656 887 968
3 672 147 872
3 476 527 867
1 825 955 588
1 673 497 499
2 825 955 341
1 825 955 541
2 656 887 274
1 476 527 40
1 825 955 880
1 476 527 892
2 825 955 541
3 476 527 389
1 673 497 471
1 673 497 800
3 476 527 42
1 672 147 862
3 825 955 274
2 656 887 934
3 673 497 704
3 656 887 609
3 672 147 635
3 673 497 133
1 825 955 98
1 825 955 921
2 476 527 52
3 825 955 577
1 476 527 378
1 656 887 368
1 825 955 788
1 672 147 650
3 825 955 742
3 476 527 403
3 672 147 212
3 672 147 268
1 672 147 372
1 672 147 108
2 673 497 880
1 825 955 495
3 672 147 960
1 673 497 426
3 825 955 324
1 476 527 692
1 476 527 410
1 656 887 552
1 476 527 148
2 672 147 430
3 673 497 98
1 825 955 807
3 825 955 342
1 656 887 97
3 673 497 774
1 825 955 834
1 672 147 729
1 672 147 686
2 656 887 552
3 825 955 596
3 672 147 460
3 656 887 826
1 672 147 205
3 672 147 453
1 825 955 800
3 673 497 216
3 656 887 954
2 656 887 321
1 672 147 353
3 656 887 53
3 476 527 741
2 825 955 142
2 673 497 800
1 672 147 464
1 673 497 70
1 673 497 259
2 825 955 834
3 476 527 829
1 656 887 658
2 672 147 729
3 656 887 522
3 672 147 212
1 476 527 592
3 672 147 958
1 656 887 816
2 825 955 98
3 476 527 857
3 672 147 638
1 476 527 208
2 476 527 40
3 825 955 830
1 656 887 726
2 672 147 353
2 672 147 686
1 476 527 980
1 476 527 183
1 672 147 619
1 673 497 807
3 476 527 864
1 656 887 181
2 825 955 788
1 476 527 434
1 673 497 154
3 673 497 414
3 476 527 55
1 825 955 123
1 672 147 368
1 673 497 132
2 673 497 471
1 825 955 669
1 476 527 226
1 656 887 706
3 656 887 459
1 672 147 437
1 476 527 85
2 656 887 97
2 476 527 148
3 673 497 799
1 476 527 586
1 825 955 328
1 656 887 945
1 672 147 215
3 476 527 916
1 825 955 70
1 673 497 263
3 476 527 467
3 673 497 522
3 672 147 242
3 476 527 331
3 476 527 987
1 825 955 326
2 656 887 368
2 825 955 314
1 656 887 111
2 476 527 586
3 476 527 760
1 656 887 652
2 825 955 756
1 673 497 114
1 673 497 239
3 673 497 961
2 825 955 933
3 656 887 600
3 476 527 62
2 825 955 669
1 656 887 744
3 476 527 489
1 825 955 40
1 476 527 497
1 825 955 469
3 673 497 812
1 825 955 843
1 672 147 602
2 672 147 986
3 825 955 758
2 476 527 226
3 476 527 430
3 672 147 741
1 656 887 108
1 656 887 886
1 673 497 994
3 656 887 206
2 673 497 578
3 656 887 83
3 825 955 785
2 825 955 255
1 672 147 729
1 656 887 63
3 476 527 582
3 673 497 877
1 825 955 397
1 476 527 428
1 476 527 293
1 825 955 719
1 673 497 529
3 673 497 343
2 673 497 807
1 673 497 471
3 672 147 862
3 476 527 588
2 656 887 543
1 656 887 720
3 656 887 89
3 672 147 575
2 673 497 471
3 672 147 117
1 673 497 778
3 656 887 474
1 825 955 519
3 673 497 348
2 673 497 70
1 825 955 396
3 476 527 310
1 825 955 357
3 673 497 739
2 672 147 372
3 656 887 747
3 673 497 119
3 673 497 135
1 476 527 571
3 673 497 669
1 825 955 323
3 673 497 48
2 476 527 183
1 656 887 366
3 672 147 264
1 825 955 659
2 825 955 880
3 672 147 730
3 476 527 423
1 673 497 410
3 673 497 998
2 673 497 499
2 672 147 875
1 656 887 506
3 656 887 820
3 673 497 895
1 656 887 119
1 825 955 938
3 673 497 905
1 825 955 585
2 673 497 263
2 656 887 945
3 672 147 404
1 672 147 248
3 656 887 903
1 476 527 627
2 825 955 123
2 672 147 544
1 673 497 58
3 656 887 472
1 672 147 973
1 656 887 483
1 672 147 246
3 476 527 979
3 476 527 678
3 672 147 682
3 476 527 617
2 672 147 973
1 673 497 246
3 673 497 981
3 673 497 485
1 672 147 26
2 476 527 85
1 673 497 11
1 672 147 671
3 672 147 225
1 825 955 365
1 825 955 793
2 825 955 938
3 656 887 831
3 673 497 265
1 672 147 241
3 825 955 254
1 672 147 515
1 476 527 710
1 476 527 893
1 825 955 363
2 825 955 718
1 656 887 168
3 672 147 933
3 656 887 564
1 825 955 759
1 672 147 753
3 476 527 735
2 476 527 892
1 672 147 422
3 825 955 374
1 825 955 383
1 656 887 326
2 673 497 994
3 656 887 954
1 673 497 997
1 673 497 646
3 476 527 41
3 825 955 243
1 656 887 883
3 656 887 59
2 656 887 63
1 673 497 447
2 673 497 132
1 672 147 318
1 825 955 631
1 673 497 152
1 476 527 629
3 656 887 848
1 656 887 64
1 656 887 527
3 656 887 920
1 476 527 695
3 656 887 766
1 673 497 204
3 673 497 407
3 656 887 916
3 673 497 429
3 672 147 759
1 825 955 487
1 476 527 824
1 673 497 795
1 672 147 443
3 825 955 414
3 672 147 46
3 673 497 651
1 825 955 351
3 476 527 165
3 672 147 860
1 825 955 711
3 672 147 164
2 476 527 616
1 673 497 243
1 673 497 856
1 656 887 915
3 825 955 746
2 825 955 829
2 672 147 650
1 825 955 616
1 476 527 628
1 656 887 453
3 825 955 315
3 476 527 107
1 673 497 463
3 825 955 17
1 672 147 856
2 656 887 181
3 672 147 343
1 825 955 267
1 656 887 636
3 673 497 494
2 825 955 605
3 672 147 345
2 656 887 624
3 656 887 419
2 672 147 602
1 673 497 22
3 673 497 407
2 656 887 143
1 656 887 854
3 825 955 800
3 656 887 851
2 672 147 248
1 656 887 771
1 673 497 971
2 656 887 228
1 825 955 260
3 656 887 408
3 656 887 706
1 672 147 559
3 476 527 55
3 672 147 281
2 825 955 256
1 672 147 425
3 656 887 956
2 672 147 935
1 656 887 196
1 825 955 885
2 673 497 114
3 656 887 978
3 673 497 620
1 673 497 16
2 656 887 854
1 672 147 989
1 656 887 836
2 476 527 79
1 656 887 344
1 476 527 757
1 656 887 67
2 825 955 397
1 825 955 369
1 825 955 85
3 673 497 817
3 476 527 903
1 673 497 29
2 825 955 85
1 825 955 199
1 656 887 33
2 672 147 26
1 656 887 696
3 656 887 532
1 656 887 174
1 656 887 928
3 476 527 91
1 672 147 409
3 673 497 584
2 476 527 628
2 673 497 152
3 672 147 378
1 672 147 585
1 672 147 560
3 656 887 856
1 672 147 878
2 656 887 696
3 673 497 925
3 825 955 784
2 825 955 369
3 825 955 575
3 825 955 144
2 476 527 893
1 825 955 624
1 672 147 131
1 825 955 275
3 656 887 429
3 656 887 813
3 673 497 657
3 672 147 299
1 672 147 553
1 825 955 39
1 476 527 222
2 672 147 671
1 476 527 176
2 825 955 715
3 656 887 224
1 672 147 178
3 672 147 754
3 476 527 885
3 656 887 84
2 825 955 807
1 476 527 243
2 476 527 692
1 825 955 907
2 673 497 540
1 476 527 79
3 476 527 311
1 673 497 476
3 656 887 591
1 476 527 528
1 672 147 950
2 825 955 39
3 672 147 142
3 825 955 376
1 825 955 303
2 673 497 204
1 476 527 634
2 825 955 70
1 673 497 283
1 672 147 257
1 476 527 289
1 476 527 671
3 673 497 834
1 656 887 692
1 476 527 38
1 673 497 342
3 673 497 306
3 825 955 296
3 656 887 998
2 476 527 627
3 656 887 444
3 656 887 249
1 672 147 797
1 656 887 566
3 673 497 613
1 672 147 28
3 673 497 831
1 672 147 907
3 673 497 240
3 673 497 919
1 476 527 900
3 656 887 555
3 656 887 938
1 672 147 93
1 673 497 986
3 825 955 717
1 672 147 189
1 825 955 549
3 673 497 505
1 476 527 517
1 656 887 940
3 672 147 398
1 825 955 782
2 825 955 759
2 656 887 196
2 476 527 592
1 672 147 510
2 672 147 585
1 673 497 109
1 673 497 881
2 476 527 38
3 476 527 637
3 825 955 77
2 672 147 510
1 656 887 113
3 825 955 26
2 476 527 289
1 672 147 98
1 825 955 347
2 656 887 506
1 673 497 834
3 672 147 682
3 476 527 895
1 673 497 805
3 825 955 777
2 825 955 323
3 672 147 398
1 476 527 975
1 825 955 511
2 825 955 800
3 656 887 230
2 673 497 758
2 656 887 72
2 672 147 257
3 825 955 375
3 825 955 248
3 656 887 191
2 825 955 487
1 672 147 832
3 825 955 770
2 673 497 778
3 673 497 670
1 656 887 415
1 825 955 86
1 825 955 550
3 656 887 18
1 476 527 587
3 672 147 11
1 825 955 701
1 673 497 581
1 825 955 489
2 672 147 619
3 672 147 500
3 656 887 22
3 656 887 868
3 656 887 877
1 672 147 925
2 673 497 246
3 476 527 523
1 476 527 650
3 825 955 578
2 476 527 650
1 673 497 700
1 672 147 160
1 476 527 669
1 673 497 357
3 476 527 692
3 673 497 487
1 673 497 366
1 476 527 202
2 672 147 98
2 672 147 822
1 672 147 14
3 825 955 452
3 476 527 41
1 825 955 499
2 673 497 259
1 825 955 771
1 825 955 922
3 825 955 4
3 476 527 837
1 672 147 977
2 673 497 834
3 672 147 869
1 673 497 510
3 656 887 214
1 476 527 405
1 673 497 321
1 672 147 779
3 825 955 814
3 825 955 402
3 656 887 329
3 476 527 850
1 673 497 588
1 672 147 998
1 672 147 182
3 476 527 936
1 672 147 605
1 656 887 854
3 672 147 658
3 673 497 97
3 825 955 41
3 672 147 671
1 476 527 382
2 476 527 434
1 672 147 728
1 672 147 286
2 673 497 109
1 672 147 918
1 673 497 834
3 672 147 935
1 672 147 530
3 672 147 879
3 476 527 112
1 656 887 128
1 476 527 922
3 656 887 2
1 825 955 3
1 656 887 322
1 673 497 899
1 672 147 3
2 672 147 14
1 825 955 263
3 476 527 66
3 656 887 408
3 672 147 760
3 656 887 838
2 673 497 581
2 656 887 566
3 672 147 353
1 656 887 507
1 825 955 926
3 825 955 437
2 656 887 641
2 476 527 669
3 476 527 629
3 673 497 393
2 656 887 326
1 656 887 360
1 825 955 42
1 825 955 325
2 656 887 360
1 825 955 22
1 672 147 6
2 673 497 357
2 672 147 605
1 825 955 208
3 673 497 781
3 476 527 869
2 672 147 93
1 673 497 689
1 673 497 508
3 656 887 996
3 825 955 709
3 672 147 242
3 656 887 395
3 672 147 219
3 476 527 205
1 673 497 277
2 476 527 176
1 673 497 937
3 672 147 479
1 672 147 183
1 656 887 846
3 656 887 97
3 673 497 211
3 476 527 406
3 673 497 285
3 476 527 180
1 476 527 716
3 673 497 970
3 825 955 706
2 673 497 856
1 825 955 974
3 673 497 881
1 825 955 999
2 656 887 928
3 656 887 496
3 672 147 5
2 825 955 719
3 476 527 5
3 672 147 623
1 672 147 299
3 476 527 95
3 825 955 715
3 672 147 729
1 825 955 240
2 673 497 795
1 673 497 4
3 476 527 385
1 656 887 210
3 673 497 330
1 672 147 670
3 476 527 496
1 673 497 209
3 825 955 896
1 825 955 944
2 672 147 998
3 476 527 230
3 825 955 571
3 825 955 952
2 825 955 396
3 656 887 372
1 672 147 614
1 673 497 843
1 672 147 898
2 825 955 326
3 825 955 532
1 656 887 740
2 673 497 937
1 656 887 49
2 656 887 886
1 656 887 131
1 672 147 214
3 672 147 822
1 672 147 706
1 673 497 613
1 656 887 863
1 656 887 419
1 673 497 210
3 476 527 667
1 672 147 604
2 656 887 915
1 673 497 509
1 672 147 651
3 656 887 215
1 656 887 601
3 672 147 328
2 476 527 922
1 673 497 278
3 673 497 213
3 673 497 833
2 672 147 515
1 673 497 897
2 656 887 507
3 476 527 272
3 673 497 260
3 672 147 456
1 656 887 780
1 673 497 123
3 656 887 341
1 672 147 513
1 476 527 103
2 673 497 447
2 656 887 168
1 672 147 65
1 673 497 547
3 656 887 187
1 825 955 680
3 825 955 234
1 673 497 348
1 476 527 878
3 476 527 769
1 673 497 416
3 825 955 135
3 825 955 419
2 672 147 797
1 825 955 428
1 656 887 218
1 656 887 534
2 672 147 918
1 673 497 438
2 672 147 437
2 673 497 899
1 825 955 947
1 825 955 194
1 476 527 650
1 673 497 485
2 476 527 378
1 825 955 490
2 825 955 793
1 656 887 351
1 476 527 689
1 656 887 995
3 672 147 492
1 672 147 97
1 476 527 531
1 656 887 397
3 656 887 13
1 672 147 375
2 656 887 744
1 476 527 893
3 825 955 849
1 673 497 604
3 672 147 363
3 656 887 886
3 825 955 498
2 672 147 856
3 672 147 544
1 476 527 150
1 476 527 681
3 673 497 601
1 673 497 387
3 673 497 791
1 656 887 1
2 656 887 351
1 476 527 489
3 656 887 894
2 476 527 634
1 476 527 870
3 672 147 526
1 672 147 857
1 672 147 809
2 673 497 613
2 673 497 426
3 673 497 443
1 476 527 773
1 672 147 960
1 476 527 839
2 672 147 670
1 672 147 302
2 656 887 113
3 672 147 784
1 476 527 160
1 825 955 476
1 825 955 75
1 672 147 643
2 825 955 194
1 476 527 217
1 825 955 997
3 672 147 981
2 673 497 971
1 656 887 841
1 476 527 104
2 673 497 387
3 825 955 416
3 672 147 146
1 476 527 260
2 673 497 154
3 656 887 674
2 672 147 178
1 476 527 349
1 673 497 148
1 825 955 97
1 672 147 980
2 656 887 932
3 673 497 68
2 825 955 490
3 476 527 529
3 656 887 909
1 672 147 170
3 673 497 183
2 673 497 210
2 825 955 631
1 825 955 207
3 672 147 908
2 476 527 695
3 476 527 399
