1000
1 873 631 657
1 445 537 676
3 873 631 925
1 636 978 830
3 636 978 787
3 445 537 957
3 636 978 572
1 791 138 113
2 445 537 676
1 507 212 48
1 445 537 483
3 445 537 771
2 873 631 657
3 873 631 131
1 507 212 525
3 873 631 163
1 873 631 571
1 873 631 453
1 636 978 739
1 445 537 914
1 445 537 81
2 507 212 525
1 791 138 574
1 636 978 839
1 791 138 821
3 445 537 287
1 636 978 736
2 791 138 821
1 873 631 494
3 507 212 634
2 791 138 113
2 445 537 483
3 873 631 742
2 873 631 571
2 445 537 81
1 636 978 801
3 445 537 132
1 636 978 666
1 873 631 581
3 507 212 753
3 445 537 590
1 636 978 581
2 873 631 453
1 873 631 438
3 636 978 48
2 873 631 494
2 873 631 581
3 791 138 983
2 791 138 574
2 873 631 438
1 445 537 736
1 791 138 84
1 636 978 884
3 873 631 292
2 445 537 914
1 873 631 326
1 636 978 234
3 636 978 24
2 791 138 84
2 507 212 48
1 507 212 473
2 873 631 326
3 445 537 871
1 445 537 74
2 445 537 736
2 507 212 473
3 873 631 946
1 507 212 553
1 791 138 37
3 507 212 866
2 791 138 37
3 507 212 192
1 636 978 682
1 873 631 249
3 445 537 330
1 791 138 308
3 507 212 613
3 873 631 280
2 445 537 74
3 791 138 218
1 873 631 474
1 791 138 124
3 791 138 270
3 873 631 575
2 636 978 234
2 791 138 124
1 873 631 111
1 507 212 123
1 507 212 718
1 445 537 570
1 791 138 752
1 873 631 397
3 636 978 146
3 636 978 861
3 791 138 456
1 873 631 839
3 791 138 790
1 445 537 742
2 445 537 570
1 507 212 720
3 791 138 348
2 445 537 742
3 507 212 556
1 507 212 516
3 791 138 693
1 445 537 391
2 791 138 752
2 791 138 308
1 507 212 259
1 507 212 362
1 445 537 760
3 791 138 79
1 791 138 804
2 445 537 760
3 445 537 584
2 791 138 804
1 445 537 295
1 791 138 241
2 636 978 884
2 873 631 249
1 636 978 929
1 636 978 859
3 507 212 709
2 791 138 241
1 507 212 53
3 873 631 541
1 636 978 797
3 445 537 540
2 873 631 474
3 507 212 936
3 445 537 550
3 873 631 202
1 791 138 172
1 507 212 875
2 507 212 362
3 636 978 601
3 873 631 330
3 791 138 849
1 791 138 901
3 445 537 763
2 873 631 839
2 791 138 901
1 636 978 882
2 791 138 172
3 636 978 555
3 636 978 152
3 507 212 386
3 791 138 47
1 445 537 843
1 791 138 842
2 873 631 397
1 445 537 142
1 791 138 644
1 445 537 387
1 873 631 796
3 507 212 71
3 636 978 520
3 636 978 469
1 791 138 797
3 791 138 499
1 507 212 254
1 791 138 682
1 636 978 488
1 791 138 460
3 507 212 651
3 445 537 517
2 873 631 796
3 445 537 159
2 445 537 295
2 507 212 553
3 791 138 477
3 636 978 496
1 507 212 448
3 507 212 428
3 507 212 300
1 791 138 4
2 873 631 111
1 791 138 307
3 791 138 310
1 445 537 753
3 791 138 818
1 445 537 716
3 791 138 693
1 873 631 998
3 445 537 301
3 507 212 469
3 873 631 800
1 445 537 406
1 873 631 264
1 791 138 613
3 791 138 996
3 791 138 218
3 507 212 711
1 636 978 690
1 445 537 934
1 791 138 813
1 445 537 306
3 636 978 215
3 873 631 688
1 445 537 237
3 445 537 976
1 873 631 409
1 873 631 478
3 636 978 379
1 791 138 953
1 791 138 388
3 507 212 780
3 636 978 382
3 507 212 260
3 507 212 674
1 791 138 155
3 445 537 430
3 445 537 19
1 873 631 104
2 445 537 716
3 445 537 432
3 873 631 388
3 791 138 318
2 445 537 142
3 636 978 477
1 445 537 783
1 445 537 186
3 445 537 640
3 445 537 810
3 445 537 474
1 445 537 959
3 636 978 472
2 507 212 53
2 507 212 516
2 791 138 813
2 445 537 237
2 445 537 959
1 791 138 878
3 873 631 29
2 507 212 875
1 636 978 331
1 791 138 109
1 445 537 99
3 507 212 884
1 507 212 334
1 791 138 350
3 791 138 390
1 873 631 436
1 791 138 786
1 445 537 65
3 445 537 71
2 445 537 99
1 873 631 859
3 791 138 26
1 636 978 788
1 445 537 259
3 873 631 408
3 507 212 450
1 636 978 379
3 873 631 380
3 791 138 178
1 636 978 657
1 791 138 692
3 791 138 280
1 636 978 651
1 445 537 735
3 791 138 60
2 445 537 753
3 791 138 916
2 507 212 259
2 636 978 882
3 445 537 240
1 791 138 319
3 873 631 537
3 507 212 854
1 636 978 464
1 507 212 801
1 445 537 276
3 507 212 478
1 636 978 455
2 507 212 254
1 636 978 972
1 507 212 322
3 445 537 875
2 791 138 953
3 445 537 800
1 636 978 508
1 636 978 260
3 445 537 918
1 791 138 637
1 445 537 412
3 636 978 48
2 507 212 801
2 636 978 657
1 791 138 796
1 791 138 607
3 636 978 710
1 873 631 13
1 445 537 392
2 791 138 878
3 507 212 684
2 507 212 123
3 873 631 326
1 873 631 141
3 873 631 516
3 507 212 617
1 507 212 501
3 791 138 609
1 636 978 325
1 636 978 460
3 791 138 48
1 636 978 628
2 791 138 786
3 507 212 621
1 445 537 399
1 791 138 809
2 873 631 436
3 636 978 38
3 791 138 1
2 873 631 859
3 636 978 428
3 445 537 256
2 873 631 478
3 445 537 447
3 507 212 698
1 445 537 112
3 445 537 439
1 791 138 132
3 791 138 44
2 507 212 720
1 636 978 586
1 507 212 497
3 445 537 149
1 791 138 617
2 445 537 186
2 873 631 13
1 873 631 631
3 791 138 763
2 873 631 104
1 445 537 828
3 636 978 340
3 507 212 588
1 636 978 96
2 873 631 264
3 445 537 527
3 507 212 968
3 445 537 656
1 636 978 463
3 445 537 22
3 873 631 539
2 873 631 409
2 873 631 998
3 507 212 682
3 873 631 997
3 507 212 463
2 636 978 682
3 445 537 116
1 507 212 445
3 873 631 254
1 636 978 910
2 507 212 718
1 636 978 435
1 636 978 341
2 873 631 631
2 791 138 388
3 636 978 415
1 873 631 680
1 636 978 148
1 791 138 795
3 636 978 8
1 791 138 226
2 873 631 141
3 873 631 840
3 636 978 4
2 873 631 680
3 636 978 100
1 507 212 460
1 791 138 471
1 445 537 320
2 445 537 276
3 445 537 932
3 507 212 605
1 445 537 50
3 507 212 122
2 507 212 334
3 791 138 55
1 507 212 595
1 873 631 436
3 791 138 489
2 636 978 341
3 507 212 748
1 507 212 674
2 507 212 460
3 507 212 599
3 791 138 399
1 636 978 186
1 445 537 146
1 507 212 645
3 507 212 348
2 791 138 809
3 507 212 664
1 873 631 941
3 791 138 65
1 791 138 444
3 873 631 964
1 636 978 689
3 636 978 390
3 636 978 947
3 636 978 585
3 636 978 141
1 507 212 124
3 791 138 226
3 873 631 1
1 791 138 783
2 445 537 783
2 791 138 350
3 445 537 422
1 445 537 535
2 791 138 307
1 873 631 889
3 507 212 65
3 791 138 772
2 873 631 436
1 791 138 260
3 636 978 325
3 507 212 146
3 873 631 801
1 791 138 974
1 873 631 935
1 445 537 175
3 445 537 604
2 636 978 910
1 445 537 359
3 791 138 42
1 507 212 587
3 636 978 57
1 445 537 973
1 445 537 233
3 636 978 488
1 791 138 750
3 791 138 179
2 636 978 96
3 445 537 842
1 636 978 501
3 445 537 977
1 445 537 460
1 507 212 994
1 636 978 468
1 445 537 373
1 507 212 866
1 507 212 364
1 791 138 84
3 791 138 423
2 507 212 994
3 873 631 694
3 791 138 468
1 507 212 114
2 873 631 889
3 791 138 207
1 507 212 810
2 791 138 471
2 791 138 795
3 507 212 203
1 445 537 875
3 791 138 888
1 507 212 325
3 791 138 784
1 791 138 422
1 507 212 853
1 873 631 807
2 873 631 941
3 445 537 281
3 873 631 797
2 445 537 259
2 791 138 226
1 791 138 415
3 636 978 876
1 507 212 998
1 636 978 569
1 445 537 499
1 445 537 939
3 873 631 344
1 507 212 768
2 791 138 155
3 636 978 952
1 791 138 815
3 791 138 470
3 636 978 298
1 507 212 1
1 873 631 311
3 791 138 570
2 445 537 65
1 636 978 363
2 636 978 460
1 445 537 443
1 445 537 966
3 445 537 452
3 791 138 51
2 636 978 666
2 445 537 499
3 445 537 45
3 636 978 847
3 445 537 281
2 445 537 387
3 636 978 831
2 636 978 581
3 445 537 168
1 507 212 463
1 791 138 26
3 791 138 638
2 873 631 807
1 791 138 959
3 445 537 420
1 445 537 368
2 445 537 320
1 791 138 654
2 791 138 617
2 445 537 412
3 873 631 408
1 791 138 623
1 873 631 631
3 873 631 334
3 873 631 746
1 791 138 9
1 445 537 696
1 507 212 103
1 791 138 689
3 445 537 762
1 873 631 91
2 636 978 363
2 791 138 9
1 873 631 13
3 636 978 575
1 507 212 499
1 791 138 142
1 445 537 980
1 873 631 419
3 873 631 362
3 507 212 59
1 791 138 516
1 791 138 496
1 507 212 382
1 507 212 548
3 636 978 334
1 507 212 908
2 636 978 325
1 507 212 168
1 873 631 647
1 507 212 462
3 873 631 727
2 873 631 631
3 636 978 499
1 507 212 665
3 445 537 774
1 873 631 236
1 636 978 41
1 791 138 91
1 791 138 22
2 791 138 26
3 791 138 750
1 791 138 388
3 636 978 632
3 636 978 409
1 791 138 487
3 636 978 221
2 873 631 647
1 507 212 318
2 445 537 934
3 507 212 561
2 636 978 801
3 507 212 746
2 636 978 501
2 873 631 419
3 636 978 763
1 873 631 965
3 507 212 306
2 507 212 501
3 445 537 394
1 445 537 529
3 873 631 591
1 445 537 983
2 507 212 1
3 507 212 401
3 791 138 719
1 791 138 530
2 636 978 859
2 791 138 516
3 445 537 978
3 791 138 988
1 873 631 485
1 445 537 330
3 507 212 995
1 507 212 236
3 636 978 320
1 445 537 638
3 791 138 346
2 791 138 796
3 636 978 405
2 445 537 735
3 791 138 458
3 507 212 696
3 507 212 44
3 873 631 62
1 791 138 503
2 507 212 236
1 791 138 448
1 873 631 42
2 873 631 13
3 507 212 719
3 791 138 131
1 873 631 489
3 873 631 806
2 791 138 959
1 507 212 464
2 873 631 236
3 873 631 116
1 507 212 629
3 636 978 988
1 445 537 489
1 636 978 277
3 445 537 811
3 507 212 795
3 445 537 798
3 507 212 791
1 873 631 740
3 873 631 454
2 873 631 935
2 636 978 379
3 445 537 131
3 445 537 327
1 507 212 452
2 636 978 41
2 791 138 842
1 791 138 35
3 636 978 115
3 445 537 744
1 636 978 190
2 636 978 830
3 507 212 610
2 636 978 488
1 636 978 171
1 507 212 554
3 791 138 589
1 791 138 701
1 791 138 362
1 636 978 373
2 445 537 966
2 636 978 373
1 791 138 742
3 791 138 137
1 791 138 871
2 507 212 318
2 791 138 91
2 791 138 607
3 507 212 503
3 445 537 937
3 445 537 951
1 507 212 993
3 445 537 833
3 791 138 265
2 791 138 750
1 507 212 200
3 636 978 713
2 507 212 674
3 507 212 714
3 507 212 467
1 636 978 110
1 636 978 885
2 507 212 993
1 791 138 643
1 507 212 430
1 791 138 749
3 507 212 762
2 445 537 50
1 791 138 51
2 507 212 168
3 507 212 48
2 791 138 142
2 636 978 508
1 507 212 482
2 445 537 875
3 636 978 146
3 636 978 231
2 507 212 629
3 873 631 458
1 873 631 793
3 636 978 62
3 445 537 176
1 791 138 938
1 507 212 222
1 636 978 285
3 507 212 438
1 445 537 519
3 873 631 308
1 636 978 310
2 873 631 489
2 445 537 983
3 873 631 876
3 445 537 261
1 636 978 790
2 507 212 645
1 873 631 666
3 445 537 177
1 507 212 704
3 507 212 68
3 507 212 622
1 445 537 586
3 636 978 679
1 636 978 115
3 873 631 869
3 873 631 963
3 636 978 894
2 507 212 463
2 507 212 497
1 507 212 641
1 791 138 950
1 791 138 119
2 507 212 445
3 445 537 349
3 636 978 233
1 507 212 288
3 507 212 922
1 873 631 443
3 636 978 161
2 507 212 103
1 791 138 150
3 791 138 484
2 445 537 973
2 791 138 448
2 636 978 569
1 507 212 724
1 445 537 839
1 445 537 691
1 507 212 644
2 791 138 460
3 636 978 172
2 445 537 175
3 636 978 804
1 445 537 596
3 445 537 731
3 636 978 520
1 507 212 611
2 873 631 443
2 636 978 736
1 791 138 285
1 445 537 816
3 636 978 834
3 636 978 311
3 445 537 541
1 791 138 744
1 507 212 188
3 873 631 726
3 791 138 194
1 873 631 524
3 445 537 489
1 445 537 284
3 791 138 606
1 507 212 423
1 873 631 444
1 445 537 599
3 636 978 676
1 873 631 248
1 636 978 564
3 791 138 54
3 873 631 450
2 636 978 788
3 636 978 982
2 791 138 487
1 445 537 927
1 636 978 921
1 507 212 731
2 445 537 373
3 791 138 273
3 636 978 165
3 791 138 437
1 873 631 667
3 445 537 345
3 445 537 646
3 791 138 102
3 445 537 122
1 873 631 794
3 445 537 407
3 445 537 493
3 636 978 452
3 507 212 603
1 445 537 477
3 873 631 120
1 791 138 529
1 636 978 878
1 445 537 704
1 445 537 302
1 791 138 656
3 636 978 928
1 873 631 322
3 873 631 11
2 507 212 114
1 873 631 765
3 873 631 466
1 873 631 488
1 791 138 417
1 636 978 743
3 873 631 121
1 445 537 913
3 507 212 813
1 507 212 167
1 791 138 909
3 873 631 530
2 873 631 322
2 507 212 768
1 791 138 467
3 445 537 420
3 636 978 945
3 507 212 47
1 873 631 702
3 636 978 758
2 791 138 654
1 445 537 617
1 636 978 807
1 507 212 600
1 636 978 676
1 636 978 477
1 791 138 289
1 507 212 469
2 445 537 913
1 507 212 218
1 873 631 690
3 445 537 533
2 873 631 311
3 873 631 189
1 636 978 677
1 445 537 582
1 873 631 594
2 791 138 938
2 445 537 704
3 873 631 390
2 873 631 248
1 791 138 460
1 445 537 977
2 873 631 666
2 791 138 623
2 873 631 42
3 791 138 391
1 873 631 45
1 791 138 136
3 791 138 37
2 507 212 600
1 445 537 74
3 636 978 493
2 636 978 797
1 445 537 300
2 445 537 284
1 791 138 618
1 636 978 316
1 445 537 126
3 445 537 468
3 873 631 957
1 791 138 335
1 636 978 795
3 445 537 232
3 507 212 671
2 791 138 444
3 445 537 540
3 636 978 179
3 507 212 19
2 445 537 460
3 873 631 8
1 507 212 406
1 445 537 333
1 636 978 311
3 636 978 636
2 445 537 300
2 507 212 222
3 636 978 279
3 636 978 97
1 791 138 282
1 873 631 410
3 445 537 99
1 507 212 540
1 636 978 252
1 873 631 502
3 507 212 88
1 791 138 274
1 507 212 172
1 636 978 287
1 445 537 256
2 873 631 702
3 873 631 711
3 507 212 472
3 873 631 218
3 507 212 429
3 873 631 639
1 507 212 154
3 445 537 360
2 507 212 998
3 791 138 233
3 873 631 870
3 445 537 826
2 507 212 554
1 445 537 880
3 791 138 378
1 636 978 386
1 873 631 552
2 507 212 499
1 636 978 86
1 791 138 243
1 507 212 705
1 507 212 331
3 791 138 78
1 791 138 133
1 873 631 713
3 791 138 341
3 445 537 128
3 873 631 915
3 445 537 669
2 636 978 86
1 873 631 916
3 791 138 788
3 507 212 85
3 445 537 809
3 507 212 535
1 791 138 224
3 873 631 227
1 873 631 670
2 791 138 319
1 873 631 90
1 873 631 407
3 791 138 255
3 445 537 561
3 873 631 890
1 445 537 973
1 873 631 575
3 873 631 586
3 445 537 176
3 873 631 959
2 873 631 90
2 873 631 410
1 873 631 620
1 791 138 253
3 507 212 477
1 791 138 984
1 873 631 645
1 873 631 905
1 636 978 593
2 873 631 916
2 791 138 460
2 507 212 611
1 636 978 20
3 636 978 889
1 636 978 624
1 445 537 827
3 873 631 819
2 791 138 35
3 636 978 513
3 636 978 255
3 507 212 288
1 873 631 560
3 873 631 262
3 445 537 540
1 636 978 1
3 791 138 806
1 445 537 139
3 873 631 943
2 636 978 331
2 791 138 285
3 507 212 724
3 507 212 438
2 636 978 260
3 636 978 607
3 791 138 374
1 636 978 91
1 791 138 519
3 873 631 690
3 873 631 446
3 791 138 33
3 507 212 276
1 791 138 252
1 873 631 698
3 507 212 750
3 873 631 332
2 445 537 126
1 636 978 131
1 445 537 468
1 636 978 955
3 636 978 949
3 791 138 131
3 873 631 214
1 791 138 946
3 445 537 891
1 507 212 487
3 507 212 236
1 507 212 502
1 791 138 609
1 791 138 309
2 636 978 677
3 791 138 332
1 507 212 397
3 791 138 450
2 445 537 927
1 636 978 699
2 445 537 599
1 791 138 579
1 791 138 442
3 791 138 544
3 445 537 389
1 445 537 788
