1000
1 631 607 47
1 766 171 34
3 148 211 26
1 142 199 13
3 849 74 44
1 250 540 43
3 775 105 38
1 933 642 9
1 791 42 35
3 703 289 1
3 966 63 9
3 126 945 26
3 377 967 4
3 319 557 44
3 126 945 17
1 535 650 35
1 183 723 22
3 767 538 38
1 935 207 9
1 487 875 42
1 771 115 47
1 998 264 25
1 767 538 45
1 775 105 16
3 766 171 30
3 915 459 28
3 963 858 19
3 851 438 49
2 631 607 47
3 849 74 31
3 631 607 38
1 730 659 5
1 377 967 14
3 319 557 18
1 766 171 7
3 497 599 12
1 487 875 29
2 250 540 43
1 546 571 20
1 730 659 7
1 771 115 36
1 553 175 40
3 891 677 30
3 142 199 23
1 487 875 11
3 308 354 20
3 319 557 19
1 463 713 8
3 631 607 40
3 909 170 16
3 487 875 42
3 909 170 50
2 535 650 35
3 609 125 19
1 272 679 2
3 849 74 18
1 703 289 32
3 791 42 9
1 126 945 29
2 183 723 22
1 121 175 30
3 933 642 40
1 730 659 26
3 263 82 37
2 463 713 8
3 849 74 42
1 377 967 38
1 489 332 41
3 263 82 4
1 148 211 28
1 489 332 9
1 569 693 46
3 553 175 28
2 998 264 25
1 663 239 47
1 588 832 24
3 487 875 6
1 998 264 34
1 849 74 30
3 308 354 9
1 121 175 44
3 377 967 50
3 851 438 32
3 126 945 38
3 82 160 1
1 142 199 45
3 463 713 48
1 489 332 20
1 588 802 50
3 963 858 46
1 239 69 14
1 308 354 15
2 935 207 9
1 933 642 31
1 588 802 6
1 963 858 50
3 946 976 19
1 569 693 48
1 515 36 9
2 588 802 6
1 308 354 34
2 515 36 9
1 631 607 47
1 148 211 20
1 915 459 20
3 767 538 41
1 126 945 8
1 553 175 9
2 489 332 20
1 5 556 6
1 791 42 44
2 308 354 15
1 487 875 2
3 933 642 49
1 351 894 27
3 909 170 39
3 849 74 46
3 489 332 10
1 457 290 13
1 272 679 35
1 775 105 8
3 730 659 43
3 569 693 37
2 148 211 20
3 126 945 39
3 308 354 18
1 497 599 33
3 272 679 11
1 5 556 36
1 487 875 37
1 569 693 31
3 588 802 20
1 250 540 8
1 909 170 38
3 791 42 35
1 82 160 31
3 351 894 31
1 891 677 15
1 264 463 6
1 148 211 21
3 609 125 13
1 239 69 31
3 935 207 26
3 489 332 5
1 766 171 10
3 553 175 23
2 82 160 31
3 891 677 24
3 487 875 2
3 963 858 8
1 308 354 5
1 767 538 49
3 497 599 43
1 766 171 27
1 775 105 44
3 377 967 40
1 239 69 39
2 588 802 50
2 766 171 7
1 319 557 22
3 515 36 5
1 966 63 31
1 82 160 11
1 849 74 50
3 588 802 25
3 703 289 47
3 183 723 37
2 126 945 29
3 935 207 6
2 703 289 32
1 933 642 41
2 588 832 24
1 183 723 6
3 963 858 37
1 766 171 44
3 272 679 22
1 791 42 24
3 148 211 39
3 308 354 40
3 767 538 10
2 250 540 8
2 497 599 33
1 588 832 20
1 239 69 9
3 966 63 40
1 546 571 23
1 263 82 20
1 457 290 9
3 851 438 21
1 775 105 50
3 121 175 14
1 121 175 7
1 250 540 50
1 933 642 1
3 631 607 45
1 487 875 34
2 588 832 20
1 264 463 2
1 771 115 14
3 239 69 31
2 272 679 35
1 126 945 13
2 775 105 50
3 457 290 19
3 588 802 34
3 966 63 33
1 775 105 18
3 791 42 6
2 264 463 6
1 553 175 43
3 497 599 6
1 915 459 7
3 264 463 44
2 966 63 31
3 963 858 5
3 966 63 5
1 766 171 15
3 319 557 40
1 730 659 16
3 775 105 7
1 489 332 6
3 319 557 21
1 489 332 35
3 377 967 31
1 535 650 21
3 946 976 20
2 730 659 16
1 82 160 21
3 148 211 28
1 588 832 44
1 766 171 47
1 588 802 30
3 703 289 12
1 546 571 37
3 497 599 22
1 771 115 17
2 766 171 47
1 909 170 47
2 546 571 20
1 148 211 26
3 487 875 31
2 588 832 44
3 5 556 33
3 631 607 33
1 935 207 20
2 82 160 11
1 535 650 28
3 966 63 22
2 935 207 20
1 851 438 47
2 915 459 7
1 771 115 24
3 569 693 43
1 588 832 21
1 915 459 4
1 569 693 42
1 935 207 37
2 767 538 45
3 588 832 3
2 553 175 40
2 239 69 39
3 272 679 33
3 963 858 30
1 126 945 43
1 909 170 37
3 767 538 45
1 183 723 14
1 569 693 16
1 766 171 9
1 849 74 33
1 588 802 11
2 553 175 9
3 935 207 10
1 463 713 32
3 553 175 5
3 264 463 37
1 263 82 31
2 663 239 47
3 915 459 27
1 183 723 7
2 998 264 34
1 609 125 43
3 767 538 4
3 487 875 31
3 463 713 20
2 308 354 5
3 946 976 28
1 946 976 5
1 272 679 46
3 588 832 48
3 308 354 45
1 83 925 38
3 775 105 41
3 767 538 30
3 250 540 3
1 5 556 37
3 771 115 28
3 463 713 8
1 966 63 12
1 515 36 43
3 891 677 18
2 121 175 30
1 319 557 43
3 730 659 7
3 457 290 36
1 308 354 20
3 142 199 31
2 849 74 30
2 730 659 5
3 263 82 13
1 121 175 47
2 631 607 47
1 569 693 8
1 497 599 40
3 849 74 18
3 588 802 40
1 588 832 7
2 239 69 14
3 891 677 20
3 767 538 13
3 775 105 22
3 463 713 7
1 849 74 31
3 966 63 14
3 663 239 39
1 609 125 37
1 946 976 40
1 935 207 47
1 308 354 41
1 766 171 45
3 377 967 45
3 791 42 49
1 766 171 22
3 457 290 50
1 966 63 24
2 609 125 43
2 891 677 15
1 487 875 7
2 766 171 10
1 82 160 23
3 946 976 50
3 609 125 31
1 489 332 4
3 82 160 24
3 631 607 48
2 487 875 29
3 308 354 25
2 851 438 47
1 142 199 48
1 553 175 27
3 791 42 26
1 663 239 9
2 535 650 28
1 183 723 15
1 263 82 50
1 239 69 5
3 663 239 12
1 663 239 40
3 766 171 39
3 535 650 44
1 553 175 37
1 457 290 17
1 963 858 9
3 963 858 31
3 946 976 44
1 82 160 47
1 849 74 43
2 730 659 26
3 515 36 47
3 250 540 13
2 308 354 34
1 535 650 12
3 148 211 41
3 703 289 43
1 946 976 7
3 535 650 24
1 83 925 37
1 767 538 36
3 791 42 42
3 463 713 31
1 766 171 26
2 121 175 7
1 766 171 13
1 933 642 14
1 998 264 26
1 263 82 43
1 771 115 21
3 771 115 30
1 272 679 50
1 703 289 40
3 588 802 32
3 849 74 44
3 308 354 20
1 663 239 14
1 535 650 50
1 183 723 32
1 250 540 19
1 569 693 44
3 569 693 9
1 791 42 41
1 775 105 23
3 703 289 27
1 263 82 22
3 264 463 36
1 851 438 19
1 263 82 28
2 703 289 40
1 319 557 21
3 891 677 27
3 915 459 21
1 457 290 44
1 851 438 33
3 946 976 16
3 5 556 10
3 963 858 12
3 703 289 40
1 142 199 38
1 457 290 38
1 909 170 10
3 663 239 33
1 963 858 26
1 142 199 25
3 239 69 26
3 851 438 43
1 703 289 33
3 546 571 39
2 775 105 23
3 489 332 24
2 148 211 26
2 489 332 9
1 546 571 49
1 497 599 7
1 263 82 45
1 966 63 32
3 497 599 25
1 264 463 28
2 489 332 41
3 730 659 38
3 489 332 16
1 891 677 34
2 308 354 41
1 148 211 34
1 377 967 31
2 609 125 37
3 272 679 36
1 263 82 47
3 126 945 19
1 588 802 24
1 546 571 16
1 631 607 23
3 497 599 18
1 83 925 25
3 142 199 35
1 148 211 43
1 535 650 36
1 250 540 12
2 851 438 33
3 183 723 20
3 497 599 12
3 250 540 39
3 849 74 19
1 775 105 29
3 703 289 20
1 767 538 32
1 239 69 16
1 851 438 22
3 933 642 13
3 351 894 42
1 966 63 29
1 121 175 23
3 998 264 21
1 308 354 13
3 791 42 50
3 946 976 29
3 183 723 40
1 730 659 41
1 487 875 46
1 915 459 40
1 569 693 13
3 515 36 39
1 730 659 13
2 771 115 24
2 264 463 28
3 489 332 32
3 588 832 39
1 569 693 10
1 851 438 20
1 487 875 48
3 121 175 2
1 963 858 19
1 703 289 31
3 963 858 37
3 142 199 11
3 998 264 3
3 546 571 8
3 83 925 32
3 849 74 40
2 791 42 35
3 489 332 33
3 319 557 28
3 546 571 16
1 767 538 44
1 142 199 22
1 909 170 29
1 515 36 25
3 631 607 7
3 569 693 30
3 489 332 45
1 553 175 2
1 663 239 31
3 771 115 36
1 82 160 18
1 487 875 23
1 239 69 23
1 730 659 8
1 791 42 22
2 933 642 14
2 891 677 34
1 250 540 2
3 463 713 35
3 319 557 48
1 963 858 15
3 489 332 36
1 83 925 46
1 263 82 16
3 963 858 42
3 891 677 23
2 631 607 23
3 515 36 44
1 935 207 22
3 487 875 24
3 767 538 28
1 351 894 49
3 631 607 28
1 239 69 4
3 933 642 36
1 535 650 16
3 82 160 32
1 351 894 50
3 546 571 18
3 588 832 47
3 909 170 21
3 148 211 29
3 515 36 23
3 239 69 38
1 183 723 41
1 239 69 42
2 588 802 30
3 663 239 5
3 771 115 16
1 308 354 16
3 909 170 19
1 766 171 6
3 935 207 17
1 82 160 29
2 148 211 43
1 457 290 22
3 663 239 16
2 915 459 4
1 553 175 36
3 730 659 12
2 946 976 7
3 126 945 33
2 82 160 47
1 489 332 19
2 377 967 38
1 489 332 17
2 377 967 14
3 933 642 45
3 546 571 48
3 5 556 36
2 82 160 29
1 351 894 20
1 457 290 18
3 272 679 47
1 148 211 41
1 497 599 20
1 891 677 2
1 126 945 31
1 935 207 29
3 497 599 28
3 535 650 37
3 82 160 39
2 264 463 2
3 183 723 16
1 319 557 9
1 730 659 18
3 946 976 24
1 82 160 6
1 849 74 42
3 771 115 27
3 966 63 28
3 771 115 10
2 730 659 13
3 631 607 39
3 553 175 36
2 121 175 23
1 546 571 4
2 775 105 16
1 351 894 39
1 82 160 47
1 535 650 43
3 489 332 31
1 851 438 6
2 148 211 28
3 83 925 24
3 489 332 10
1 851 438 40
1 239 69 12
1 308 354 23
3 766 171 15
1 631 607 1
3 497 599 3
2 5 556 36
1 183 723 24
3 239 69 28
2 730 659 8
3 963 858 17
2 546 571 16
1 569 693 18
2 663 239 14
3 457 290 47
3 121 175 32
2 588 802 11
1 457 290 48
1 351 894 34
3 771 115 31
2 771 115 47
3 588 802 48
3 909 170 12
3 730 659 30
2 771 115 36
1 319 557 10
3 82 160 3
3 849 74 6
3 791 42 47
1 263 82 29
1 263 82 4
2 915 459 20
3 703 289 19
3 515 36 23
1 771 115 36
2 935 207 37
1 308 354 35
1 775 105 19
1 998 264 21
3 377 967 17
1 569 693 2
3 250 540 13
1 730 659 26
3 767 538 43
3 183 723 27
3 946 976 12
1 82 160 41
3 319 557 45
1 487 875 41
3 319 557 28
3 771 115 31
1 998 264 44
3 546 571 28
1 183 723 11
2 771 115 14
3 351 894 35
1 730 659 33
1 588 802 40
3 463 713 26
2 239 69 42
1 463 713 50
1 250 540 28
1 82 160 16
1 935 207 38
1 377 967 49
1 5 556 29
2 553 175 43
3 121 175 25
2 663 239 9
1 933 642 17
1 609 125 37
2 546 571 23
3 851 438 36
1 766 171 43
3 515 36 23
3 766 171 8
3 535 650 34
1 946 976 22
1 515 36 50
2 588 802 40
1 121 175 23
1 609 125 43
3 463 713 27
2 319 557 43
3 933 642 27
3 631 607 21
2 771 115 21
3 250 540 19
3 891 677 33
1 82 160 4
1 463 713 7
3 272 679 48
2 775 105 44
3 83 925 17
3 264 463 39
2 703 289 31
3 142 199 15
1 497 599 15
1 5 556 48
2 909 170 37
3 553 175 43
2 909 170 10
2 588 802 24
1 83 925 17
3 487 875 42
1 771 115 47
3 771 115 28
3 308 354 39
3 126 945 25
3 272 679 34
1 588 832 27
2 730 659 33
3 239 69 36
1 489 332 46
3 915 459 42
2 239 69 16
2 998 264 44
2 663 239 40
3 82 160 48
1 126 945 42
3 891 677 35
2 126 945 42
3 250 540 49
1 5 556 50
1 946 976 48
1 609 125 6
2 535 650 36
2 487 875 34
1 766 171 35
1 553 175 13
2 609 125 6
1 891 677 38
3 250 540 40
2 272 679 50
1 263 82 7
1 588 802 45
1 771 115 39
1 935 207 39
3 83 925 48
1 82 160 2
1 377 967 22
1 966 63 6
1 377 967 26
3 946 976 11
1 915 459 23
1 535 650 19
3 83 925 31
2 5 556 48
3 82 160 40
1 933 642 29
3 83 925 10
3 966 63 38
1 515 36 11
1 83 925 24
2 963 858 15
3 250 540 29
3 998 264 2
1 553 175 11
3 730 659 16
3 272 679 2
1 489 332 18
3 535 650 1
1 569 693 11
3 588 802 32
2 83 925 24
1 126 945 9
1 933 642 18
3 966 63 27
1 126 945 48
1 569 693 20
1 966 63 43
3 771 115 44
1 963 858 28
1 588 832 45
1 319 557 36
1 535 650 48
1 915 459 32
3 609 125 1
2 935 207 38
3 319 557 18
3 933 642 20
2 515 36 43
3 487 875 6
1 183 723 43
3 588 832 8
3 730 659 46
1 319 557 37
1 250 540 15
3 308 354 38
1 457 290 30
3 142 199 41
2 609 125 37
3 463 713 30
3 183 723 17
1 83 925 29
1 891 677 6
1 351 894 14
3 377 967 31
1 457 290 10
3 851 438 48
3 766 171 28
1 535 650 39
3 5 556 46
2 588 832 45
1 631 607 19
1 183 723 49
2 703 289 33
3 553 175 36
1 935 207 19
1 771 115 37
1 463 713 10
3 148 211 36
2 377 967 31
3 631 607 25
2 849 74 43
1 239 69 40
1 183 723 1
1 515 36 28
3 183 723 48
2 767 538 44
3 766 171 15
1 935 207 30
1 569 693 35
3 849 74 6
3 497 599 21
1 463 713 2
2 487 875 41
1 250 540 5
1 588 832 36
3 546 571 2
1 142 199 49
3 546 571 37
1 588 832 48
3 935 207 2
3 588 802 23
3 142 199 5
2 497 599 40
1 83 925 41
1 489 332 42
3 791 42 28
3 915 459 2
2 239 69 9
1 497 599 2
1 767 538 28
1 915 459 4
2 588 832 48
3 663 239 27
1 83 925 36
1 515 36 33
2 457 290 44
1 263 82 35
3 933 642 37
3 497 599 13
3 308 354 40
3 126 945 33
3 308 354 46
3 272 679 8
3 82 160 4
1 82 160 13
2 588 832 36
1 609 125 28
3 663 239 28
2 535 650 16
1 791 42 27
1 82 160 38
1 272 679 38
1 963 858 42
2 966 63 43
3 588 802 25
1 82 160 32
1 569 693 39
1 933 642 45
1 771 115 19
3 535 650 46
2 377 967 26
1 849 74 8
3 126 945 21
3 915 459 25
2 909 170 29
1 183 723 35
1 849 74 36
3 730 659 15
1 264 463 25
2 497 599 7
3 703 289 45
1 272 679 12
1 142 199 15
3 250 540 34
1 935 207 16
2 791 42 24
1 351 894 6
1 663 239 50
2 319 557 37
3 515 36 44
1 351 894 2
1 272 679 44
2 272 679 46
1 569 693 33
2 730 659 26
3 966 63 22
1 631 607 33
3 909 170 30
2 851 438 20
3 272 679 22
1 263 82 36
3 148 211 27
3 588 802 11
2 535 650 12
1 933 642 2
3 915 459 46
3 264 463 18
3 588 832 22
1 515 36 4
1 121 175 18
1 851 438 24
1 966 63 18
3 553 175 25
1 915 459 36
1 553 175 34
1 250 540 46
3 771 115 13
1 966 63 5
1 791 42 50
2 457 290 18
2 489 332 35
1 489 332 3
1 730 659 26
1 998 264 30
2 915 459 4
3 946 976 33
1 319 557 18
1 909 170 21
1 83 925 10
3 631 607 41
1 909 170 42
1 515 36 40
3 851 438 14
2 909 170 21
3 909 170 46
1 142 199 8
2 935 207 47
1 933 642 33
2 933 642 2
1 631 607 50
3 915 459 5
1 588 832 33
3 250 540 32
3 775 105 13
1 966 63 42
3 308 354 38
2 308 354 13
2 515 36 33
1 663 239 25
1 767 538 47
1 535 650 4
3 319 557 35
1 121 175 27
1 183 723 38
1 121 175 41
2 849 74 33
3 82 160 7
3 535 650 47
2 631 607 33
3 909 170 31
2 142 199 13
2 849 74 8
1 569 693 22
1 515 36 35
3 250 540 16
3 377 967 29
3 82 160 47
3 553 175 23
1 487 875 18
1 588 802 3
3 82 160 35
3 487 875 2
3 263 82 36
2 663 239 50
1 463 713 31
3 909 170 16
1 663 239 18
1 775 105 32
3 535 650 33
2 946 976 48
1 915 459 2
2 891 677 38
3 609 125 47
3 515 36 37
3 891 677 47
1 588 802 48
3 263 82 35
3 771 115 3
1 263 82 19
