999
3 906 870 11
1 906 870 12
1 429 554 6
1 663 857 5
1 346 691 8
3 366 261 3
3 70 514 1
1 951 587 10
3 45 967 16
3 906 870 11
1 511 160 9
1 191 929 14
1 6 945 19
1 511 160 15
1 956 310 18
1 70 514 9
3 70 514 3
1 346 691 12
1 423 931 8
2 70 514 9
1 511 160 7
3 951 587 10
3 839 464 5
3 429 554 2
1 6 945 13
2 956 310 18
3 6 945 12
1 70 514 3
3 435 154 3
3 738 451 3
1 839 464 8
3 793 12 12
3 45 967 8
1 167 41 8
1 779 24 16
1 435 154 16
1 6 945 6
2 839 464 8
3 951 587 1
3 738 451 13
3 70 514 6
3 951 587 6
1 956 310 11
1 793 12 20
1 346 691 4
3 45 967 14
3 956 310 2
1 366 261 6
2 793 12 20
1 289 568 20
3 70 514 17
2 289 568 20
2 906 870 12
1 511 160 11
2 191 929 14
2 511 160 15
3 839 464 7
2 511 160 11
3 366 261 20
2 6 945 13
1 289 568 18
1 956 310 13
3 6 945 16
2 429 554 6
3 346 691 12
1 429 554 4
1 511 160 8
1 511 160 4
3 738 451 11
3 956 310 9
1 779 24 10
1 423 931 7
1 839 464 3
3 6 945 8
1 663 857 17
1 346 691 19
3 45 967 9
1 906 870 4
1 906 870 15
1 738 451 10
3 793 12 15
3 6 945 13
1 45 967 3
3 423 931 18
3 951 587 14
1 289 568 3
3 191 929 7
3 839 464 17
2 70 514 3
2 738 451 10
1 956 310 19
1 839 464 8
2 45 967 3
2 906 870 15
1 956 310 14
1 6 945 15
1 289 568 17
3 663 857 11
3 289 568 2
3 779 24 13
1 70 514 18
1 429 554 15
3 793 12 13
3 423 931 10
2 366 261 6
3 951 587 17
3 167 41 8
2 435 154 16
2 423 931 7
1 366 261 3
1 511 160 12
1 289 568 15
2 839 464 8
3 366 261 12
1 956 310 15
1 429 554 14
1 191 929 13
1 793 12 18
1 906 870 9
3 70 514 6
1 793 12 7
2 663 857 5
3 435 154 8
2 289 568 18
1 435 154 16
1 346 691 14
3 793 12 3
1 435 154 11
3 839 464 4
3 511 160 20
3 6 945 16
2 366 261 3
3 70 514 12
3 289 568 10
1 6 945 10
3 366 261 4
1 435 154 12
3 839 464 11
1 951 587 3
1 956 310 18
1 70 514 8
3 956 310 4
3 423 931 19
1 511 160 16
2 346 691 12
3 738 451 18
1 511 160 14
2 906 870 9
1 167 41 2
3 511 160 9
3 6 945 10
3 289 568 16
3 289 568 17
1 423 931 3
1 738 451 14
2 70 514 18
1 167 41 18
1 423 931 20
1 45 967 9
2 956 310 15
2 167 41 18
2 738 451 14
3 45 967 13
3 663 857 7
1 779 24 2
1 70 514 15
3 167 41 4
2 511 160 4
1 435 154 17
3 839 464 12
1 906 870 16
3 70 514 8
3 167 41 16
3 167 41 8
2 191 929 13
1 906 870 1
3 906 870 20
1 167 41 15
3 191 929 5
3 793 12 8
1 738 451 1
3 6 945 9
3 45 967 7
3 45 967 1
1 435 154 9
3 429 554 4
1 511 160 18
1 289 568 7
1 429 554 5
1 70 514 3
3 429 554 8
3 429 554 20
1 793 12 15
1 779 24 6
1 435 154 3
1 289 568 1
1 6 945 18
3 663 857 6
3 366 261 11
3 435 154 3
3 366 261 7
3 663 857 2
1 738 451 10
1 951 587 2
3 435 154 6
1 366 261 1
3 435 154 17
3 663 857 3
1 191 929 5
1 839 464 5
2 429 554 5
2 167 41 2
3 366 261 8
1 45 967 11
3 167 41 18
3 346 691 1
1 429 554 6
3 906 870 6
2 956 310 14
3 167 41 1
1 423 931 12
1 793 12 4
1 793 12 11
2 956 310 11
1 906 870 10
3 663 857 1
3 423 931 5
3 951 587 19
1 839 464 18
1 951 587 12
1 423 931 16
1 956 310 12
3 663 857 5
3 346 691 16
2 191 929 5
2 423 931 20
1 423 931 11
1 366 261 17
2 6 945 10
2 6 945 18
1 366 261 7
1 6 945 20
3 839 464 12
2 951 587 3
2 839 464 3
3 956 310 7
1 511 160 20
1 793 12 16
2 738 451 10
3 435 154 17
1 191 929 8
1 839 464 7
3 423 931 4
3 191 929 10
1 779 24 8
1 951 587 20
2 45 967 11
1 951 587 17
1 70 514 1
1 6 945 13
3 956 310 16
1 366 261 12
1 738 451 16
2 839 464 5
1 45 967 8
1 366 261 6
2 191 929 8
1 70 514 6
1 779 24 12
3 70 514 4
1 738 451 13
2 435 154 11
1 779 24 11
1 167 41 7
1 6 945 5
1 511 160 11
1 289 568 6
1 423 931 17
1 511 160 5
1 191 929 8
3 191 929 8
3 167 41 6
2 951 587 10
3 956 310 3
2 191 929 8
2 738 451 1
3 289 568 3
1 738 451 3
3 289 568 4
1 839 464 6
3 423 931 13
1 423 931 15
1 663 857 4
3 289 568 12
1 191 929 16
1 70 514 11
1 167 41 16
3 6 945 11
3 45 967 17
3 435 154 1
1 511 160 15
3 793 12 13
3 70 514 11
1 906 870 13
2 346 691 4
1 793 12 9
1 346 691 6
3 663 857 7
2 951 587 17
2 429 554 4
1 779 24 7
3 906 870 4
1 738 451 17
3 70 514 14
3 70 514 15
3 429 554 11
2 45 967 8
3 511 160 1
3 70 514 3
2 951 587 2
3 793 12 14
3 956 310 10
3 167 41 9
1 6 945 9
3 6 945 6
1 779 24 15
3 6 945 20
1 289 568 19
3 956 310 12
3 289 568 3
3 956 310 4
2 779 24 2
3 435 154 12
2 663 857 17
1 779 24 3
2 429 554 15
3 779 24 17
1 423 931 10
3 70 514 11
1 346 691 17
1 951 587 4
1 45 967 16
3 167 41 12
3 429 554 3
1 346 691 11
3 435 154 3
2 6 945 5
3 289 568 8
3 191 929 15
1 779 24 19
2 70 514 8
3 738 451 19
1 45 967 15
1 6 945 16
1 956 310 17
3 663 857 18
2 956 310 19
3 429 554 11
1 906 870 12
3 793 12 2
3 793 12 9
3 951 587 17
1 6 945 1
1 738 451 12
1 511 160 19
2 511 160 16
3 793 12 1
1 906 870 18
3 45 967 9
1 45 967 5
3 663 857 4
1 956 310 15
3 423 931 18
1 951 587 16
1 167 41 10
2 70 514 11
3 839 464 3
2 951 587 20
1 429 554 17
2 951 587 12
1 366 261 5
2 346 691 6
3 6 945 17
3 45 967 19
3 45 967 7
1 779 24 9
3 435 154 20
1 511 160 17
1 346 691 15
3 779 24 5
2 423 931 16
3 70 514 4
1 793 12 1
3 906 870 19
1 793 12 14
1 289 568 16
1 511 160 10
1 167 41 14
2 435 154 17
2 167 41 8
2 191 929 16
1 839 464 19
1 779 24 18
2 435 154 3
2 346 691 14
1 793 12 12
3 738 451 1
1 779 24 1
1 346 691 2
1 435 154 13
1 70 514 18
3 423 931 10
3 779 24 1
1 6 945 8
3 793 12 3
3 45 967 15
3 956 310 1
2 6 945 6
1 793 12 5
2 70 514 18
2 435 154 13
1 511 160 6
1 779 24 4
1 289 568 2
3 738 451 13
1 906 870 9
3 435 154 11
1 70 514 12
1 839 464 1
1 423 931 9
2 956 310 13
3 167 41 2
2 289 568 15
3 951 587 13
1 511 160 16
3 70 514 7
3 435 154 6
3 738 451 16
3 191 929 2
2 423 931 12
3 6 945 19
1 793 12 2
3 906 870 4
3 906 870 1
3 779 24 6
3 951 587 8
3 45 967 19
1 779 24 14
2 779 24 7
1 839 464 11
1 511 160 13
1 70 514 5
1 167 41 1
3 366 261 11
1 167 41 2
3 738 451 18
1 191 929 5
1 45 967 13
1 346 691 10
1 429 554 1
3 70 514 12
1 435 154 6
3 663 857 18
2 951 587 4
3 956 310 19
1 663 857 14
1 289 568 20
3 435 154 12
3 70 514 14
1 70 514 7
2 951 587 16
3 429 554 12
1 663 857 17
1 289 568 18
1 45 967 18
1 346 691 9
2 511 160 17
1 429 554 11
1 366 261 20
1 366 261 18
3 663 857 7
1 366 261 4
2 738 451 12
3 289 568 4
1 6 945 12
3 511 160 3
2 70 514 7
1 366 261 10
3 423 931 19
1 429 554 4
1 191 929 17
3 6 945 5
3 6 945 20
3 951 587 8
1 423 931 7
2 167 41 1
1 289 568 8
2 423 931 15
3 906 870 15
1 167 41 9
1 906 870 8
1 70 514 19
3 511 160 19
1 346 691 16
1 6 945 10
1 70 514 18
2 511 160 11
1 663 857 19
3 839 464 11
2 70 514 12
1 663 857 20
3 366 261 16
3 6 945 17
2 429 554 11
3 366 261 8
3 511 160 3
1 191 929 20
2 435 154 12
3 366 261 11
3 366 261 5
1 793 12 19
3 793 12 5
3 191 929 19
3 423 931 3
3 511 160 7
2 906 870 12
1 435 154 13
3 793 12 16
3 956 310 9
3 70 514 9
2 70 514 19
1 956 310 4
3 429 554 18
2 167 41 2
3 738 451 18
3 738 451 8
3 45 967 10
1 951 587 20
3 779 24 17
1 45 967 3
1 6 945 17
3 167 41 17
3 956 310 16
2 429 554 6
3 289 568 5
3 738 451 17
2 511 160 10
2 951 587 20
1 956 310 19
2 435 154 9
3 779 24 20
3 951 587 14
3 793 12 17
1 663 857 8
3 435 154 14
3 366 261 1
3 429 554 5
3 663 857 3
2 45 967 5
3 423 931 11
3 45 967 15
1 429 554 13
3 956 310 5
3 366 261 16
3 779 24 7
3 738 451 4
2 429 554 1
3 793 12 1
1 167 41 17
2 839 464 7
1 951 587 10
1 779 24 20
1 435 154 20
3 45 967 18
1 191 929 6
3 956 310 7
1 423 931 6
1 289 568 10
3 167 41 16
3 956 310 14
1 289 568 15
3 793 12 9
1 429 554 5
1 956 310 3
3 6 945 14
1 366 261 11
1 793 12 10
1 779 24 13
3 429 554 16
2 779 24 12
2 167 41 14
1 956 310 8
3 779 24 19
2 511 160 13
3 956 310 16
1 6 945 4
2 951 587 10
2 366 261 4
2 511 160 19
1 738 451 2
3 366 261 10
3 366 261 9
1 511 160 3
1 793 12 8
1 738 451 9
3 435 154 20
1 906 870 2
3 793 12 10
1 663 857 13
1 167 41 18
1 429 554 16
3 6 945 8
2 839 464 6
3 45 967 20
3 906 870 9
3 951 587 17
1 191 929 4
1 6 945 3
3 435 154 2
1 70 514 8
2 423 931 8
1 951 587 2
1 45 967 7
3 793 12 13
1 956 310 20
3 839 464 16
3 167 41 4
3 191 929 11
1 70 514 13
1 289 568 5
3 956 310 1
1 956 310 1
3 191 929 12
1 779 24 7
2 6 945 20
2 70 514 13
3 839 464 19
1 429 554 20
3 779 24 4
3 429 554 5
2 289 568 8
1 191 929 10
1 663 857 15
2 366 261 6
2 951 587 2
2 289 568 20
1 663 857 2
1 738 451 8
1 793 12 6
3 346 691 13
2 70 514 15
1 167 41 4
1 839 464 9
1 435 154 8
3 70 514 13
1 366 261 9
1 435 154 4
3 45 967 6
1 956 310 10
3 793 12 3
1 906 870 20
1 289 568 4
3 663 857 13
3 435 154 11
3 429 554 15
2 346 691 11
3 6 945 20
1 839 464 13
3 45 967 6
2 663 857 2
1 793 12 20
2 435 154 16
1 793 12 13
3 6 945 9
1 289 568 14
3 191 929 7
3 738 451 9
1 906 870 11
1 45 967 4
1 6 945 11
3 191 929 10
3 346 691 18
2 738 451 16
1 6 945 14
3 191 929 16
3 839 464 5
3 346 691 17
3 435 154 9
2 906 870 20
3 429 554 17
3 366 261 7
3 45 967 14
2 70 514 8
3 423 931 20
2 738 451 8
1 70 514 16
3 435 154 15
3 70 514 14
1 663 857 7
3 70 514 17
1 738 451 18
1 167 41 1
1 906 870 5
3 366 261 5
1 423 931 16
2 435 154 13
1 6 945 5
3 6 945 20
3 663 857 8
2 191 929 10
1 906 870 15
1 906 870 3
1 779 24 5
3 429 554 19
3 511 160 14
1 435 154 7
3 70 514 7
2 191 929 4
3 6 945 7
2 167 41 15
1 951 587 2
3 429 554 6
3 951 587 19
1 423 931 8
3 511 160 18
1 951 587 7
1 45 967 19
3 511 160 16
2 906 870 3
3 779 24 9
1 793 12 17
1 906 870 3
3 956 310 10
1 423 931 12
3 366 261 14
1 779 24 12
3 423 931 9
3 738 451 16
2 45 967 13
3 951 587 8
3 289 568 6
2 435 154 4
3 906 870 13
3 779 24 9
3 839 464 11
3 167 41 5
3 793 12 9
3 435 154 5
3 951 587 13
3 70 514 3
1 423 931 15
3 511 160 20
3 511 160 3
3 839 464 7
3 663 857 7
1 511 160 2
3 435 154 1
1 663 857 18
1 511 160 1
1 167 41 19
1 167 41 5
1 70 514 12
1 793 12 3
1 951 587 4
2 663 857 15
3 951 587 13
1 839 464 3
2 956 310 1
1 951 587 10
1 6 945 20
2 906 870 11
2 839 464 18
1 45 967 20
1 839 464 8
3 906 870 8
3 70 514 14
1 429 554 7
1 366 261 2
1 663 857 16
3 906 870 15
3 839 464 16
1 289 568 12
1 435 154 17
1 435 154 2
3 779 24 17
1 663 857 1
3 6 945 5
2 738 451 17
1 346 691 13
1 779 24 2
2 956 310 18
1 346 691 12
1 346 691 6
3 45 967 10
1 956 310 6
3 45 967 14
3 906 870 1
1 45 967 11
3 70 514 10
1 346 691 7
1 956 310 2
2 167 41 1
3 906 870 1
3 738 451 3
1 956 310 1
2 951 587 4
2 366 261 1
2 793 12 1
1 191 929 1
1 779 24 17
1 793 12 1
1 6 945 2
3 793 12 16
2 70 514 1
3 423 931 16
3 6 945 7
3 663 857 16
3 779 24 6
1 511 160 13
3 366 261 3
2 70 514 6
3 663 857 5
3 423 931 10
1 191 929 16
2 956 310 17
2 906 870 18
2 70 514 3
3 779 24 5
1 289 568 9
2 511 160 12
1 429 554 18
1 70 514 14
1 429 554 19
2 663 857 16
2 956 310 12
3 45 967 18
1 906 870 11
1 366 261 14
3 779 24 17
1 951 587 6
3 346 691 9
1 191 929 9
1 663 857 16
3 956 310 11
1 511 160 17
2 45 967 3
1 366 261 15
2 191 929 6
1 191 929 10
2 839 464 9
1 738 451 15
3 366 261 1
1 738 451 20
1 423 931 19
2 779 24 7
3 663 857 15
1 663 857 3
1 435 154 13
2 366 261 18
3 779 24 13
1 663 857 6
3 793 12 7
1 738 451 19
3 951 587 12
3 793 12 6
1 429 554 6
3 779 24 12
2 70 514 5
1 779 24 7
3 70 514 6
2 6 945 19
3 663 857 14
1 951 587 9
3 663 857 12
3 366 261 15
1 167 41 12
1 435 154 16
3 167 41 6
3 6 945 6
3 779 24 5
2 366 261 15
1 511 160 11
3 793 12 8
3 429 554 8
3 793 12 14
1 366 261 1
1 906 870 14
3 346 691 4
3 956 310 5
2 6 945 13
2 738 451 20
3 289 568 10
3 839 464 5
1 191 929 13
1 956 310 16
1 289 568 11
3 429 554 18
3 191 929 4
1 429 554 9
3 191 929 19
3 70 514 15
2 423 931 10
2 70 514 16
1 45 967 13
1 839 464 9
1 346 691 3
3 289 568 1
3 45 967 20
3 839 464 12
3 663 857 8
2 779 24 5
3 289 568 15
1 435 154 14
3 435 154 7
1 70 514 8
2 793 12 5
1 423 931 4
1 423 931 13
3 6 945 12
1 6 945 18
2 346 691 15
1 663 857 11
3 435 154 12
2 191 929 17
3 956 310 10
3 906 870 17
3 167 41 12
3 779 24 1
2 793 12 9
2 191 929 13
3 167 41 11
3 435 154 12
1 779 24 5
2 191 929 1
1 6 945 13
3 45 967 5
3 70 514 9
1 511 160 12
3 346 691 2
1 663 857 15
1 663 857 5
1 70 514 7
3 663 857 3
3 511 160 11
2 793 12 20
1 45 967 5
1 435 154 11
2 6 945 20
1 951 587 4
3 70 514 19
3 906 870 19
3 793 12 4
2 511 160 9
3 839 464 8
2 511 160 17
2 346 691 13
2 289 568 2
1 839 464 15
3 435 154 2
1 956 310 17
1 346 691 11
1 346 691 18
1 906 870 7
3 423 931 19
1 793 12 20
1 45 967 2
3 429 554 7
1 429 554 10
3 906 870 4
2 738 451 9
3 951 587 14
1 366 261 4
3 793 12 18
3 70 514 4
3 70 514 7
1 45 967 14
1 956 310 18
1 346 691 5
3 435 154 20
2 6 945 16
1 167 41 15
1 429 554 2
1 289 568 13
3 738 451 15
1 45 967 17
2 167 41 12
3 738 451 18
3 906 870 15
1 191 929 17
1 951 587 16
3 45 967 1
2 70 514 18
3 346 691 14
2 70 514 12
3 45 967 18
3 346 691 14
3 956 310 10
3 793 12 13
3 346 691 16
