1000
1 665 18 2
1 215 91 1
1 446 998 3
1 991 97 4
1 495 494 1
1 62 110 2
1 99 275 3
1 817 22 3
1 388 364 4
3 966 25 4
3 207 770 4
1 4 265 5
1 791 213 4
1 769 375 2
1 895 492 4
3 820 953 2
1 605 610 2
1 600 185 4
1 106 571 1
1 790 557 4
1 891 656 5
3 236 658 3
1 560 297 1
3 21 490 3
3 435 51 5
3 264 592 1
1 716 3 3
1 925 112 3
1 816 792 3
1 791 577 5
3 923 692 5
3 924 135 3
1 117 767 2
3 731 755 3
1 626 164 3
1 958 69 1
1 768 271 1
1 637 767 4
1 765 636 1
1 921 618 5
1 99 845 1
3 239 303 2
1 363 609 5
3 701 924 2
1 6 304 5
3 669 512 3
1 80 87 3
3 15 546 2
1 124 469 2
1 222 191 4
1 698 181 4
1 680 568 2
3 435 51 2
1 163 194 5
1 333 83 2
1 580 975 2
3 133 463 1
3 926 518 5
1 865 466 4
1 114 747 5
3 78 845 1
3 74 747 4
1 793 685 1
1 97 583 2
3 882 795 3
3 201 856 4
3 946 56 3
1 713 154 2
1 35 694 1
1 816 596 2
3 51 60 3
3 710 412 2
3 891 274 5
1 412 242 5
3 894 993 3
1 506 226 5
3 644 995 4
3 964 194 3
3 292 645 4
1 485 156 4
1 972 410 3
1 357 714 1
3 65 663 1
1 485 480 4
3 329 897 2
1 297 20 4
3 444 808 1
1 783 564 3
1 753 56 3
3 485 156 2
1 651 828 2
3 500 5 4
1 903 770 2
1 150 212 3
3 843 877 5
3 86 599 3
3 371 621 2
1 111 311 2
3 287 782 2
3 485 156 2
1 997 559 2
1 275 138 1
1 30 137 5
1 135 718 5
1 948 405 3
3 685 189 3
1 195 519 5
1 765 360 4
1 748 974 4
3 251 420 1
1 258 446 2
3 340 880 4
3 746 304 3
3 155 997 2
3 315 306 5
1 253 513 2
1 268 188 4
1 989 966 4
1 586 928 4
3 330 507 2
1 698 398 4
3 894 993 5
1 987 161 5
1 42 564 1
1 774 945 3
1 553 591 4
1 660 76 4
3 966 776 3
1 408 18 2
1 890 399 2
1 67 346 1
3 616 560 4
1 59 961 1
1 411 167 3
3 921 618 4
3 322 536 1
1 961 531 1
1 475 319 3
1 969 518 2
1 143 264 2
3 343 406 3
3 437 355 2
3 966 856 1
3 966 856 3
1 934 590 2
1 921 618 3
3 156 403 3
1 450 192 2
1 54 718 1
1 607 467 5
3 903 918 1
3 624 242 2
1 89 968 5
3 823 366 1
1 504 33 4
1 459 324 1
3 42 564 1
1 575 775 2
3 994 378 4
1 106 571 5
1 641 407 5
3 669 512 5
1 21 391 5
3 998 642 3
3 557 921 5
1 586 677 2
3 994 162 4
1 14 122 2
1 794 226 5
1 638 222 4
3 517 144 1
1 356 859 3
1 411 495 5
1 282 263 2
1 493 945 5
1 121 163 2
3 461 984 3
1 825 208 2
1 613 446 1
1 557 921 3
1 12 340 4
3 347 478 3
3 827 366 2
3 450 86 3
1 287 782 1
3 685 183 4
3 637 979 4
3 704 317 3
1 727 420 1
3 812 956 5
1 495 613 1
3 580 673 3
1 40 6 2
1 451 338 4
3 155 865 5
1 897 914 3
1 828 206 5
1 150 212 1
1 958 655 5
1 289 453 2
1 135 951 5
3 160 639 1
3 254 93 5
1 401 505 5
3 992 432 4
1 879 415 1
3 54 206 3
1 573 851 4
1 13 23 4
1 735 198 5
3 128 878 5
2 14 122 2
1 446 442 4
3 553 591 2
1 287 610 5
1 683 881 2
3 712 567 3
3 902 627 3
1 797 612 1
1 607 498 2
1 193 546 5
3 485 990 3
1 346 174 3
3 233 318 5
3 468 976 2
3 837 538 3
1 595 571 5
1 735 125 1
1 867 602 3
1 669 62 4
3 700 516 4
3 224 514 1
3 689 1000 3
1 605 610 3
3 215 91 5
1 593 864 2
1 327 519 3
3 859 660 4
3 861 849 3
3 637 634 2
2 580 975 2
3 964 194 1
3 838 843 1
1 574 577 2
1 121 604 2
1 449 982 2
3 332 516 3
1 638 222 1
3 422 848 5
1 814 1 5
1 717 216 4
3 845 431 3
3 731 755 5
3 4 791 3
1 301 861 4
1 672 829 2
1 757 38 4
1 387 326 4
1 142 266 5
1 370 283 5
1 768 384 3
1 376 856 1
3 917 953 4
1 831 87 3
3 907 132 2
1 456 538 4
1 438 908 4
1 447 37 4
3 822 789 2
1 249 737 3
3 409 148 1
1 611 539 3
3 759 588 3
1 145 549 1
1 54 206 3
1 48 482 1
1 876 161 3
3 944 424 1
1 579 774 1
3 598 652 1
3 199 920 3
3 182 991 2
1 201 856 4
1 102 513 4
1 702 412 4
1 38 347 3
3 741 70 3
1 114 944 1
3 183 542 2
3 63 52 5
1 37 437 4
1 313 728 4
3 54 206 2
1 996 682 3
1 485 156 5
3 868 457 1
1 42 690 2
1 434 722 3
3 345 872 4
3 922 830 4
1 378 127 5
1 556 238 4
3 701 924 4
1 138 723 5
3 282 263 4
3 199 920 3
1 672 953 4
3 685 746 2
1 405 849 1
3 417 678 1
1 531 625 5
3 877 809 1
3 840 345 5
3 787 92 4
3 220 839 2
1 469 519 4
1 597 839 3
1 638 222 3
1 948 194 2
1 239 102 4
1 318 214 1
3 735 125 3
3 704 28 5
3 890 399 1
1 777 776 2
3 611 539 3
3 546 767 4
1 802 41 2
1 634 457 2
3 812 935 5
3 587 24 5
1 902 627 2
3 662 560 5
3 870 366 1
3 299 225 3
1 192 792 4
3 560 87 4
1 587 24 3
3 582 85 5
2 163 194 5
3 748 974 1
1 837 442 1
3 575 788 2
3 180 407 2
3 180 407 5
3 902 627 2
3 717 216 2
2 297 20 4
3 459 324 4
1 12 673 1
1 760 724 5
1 517 268 1
1 541 91 1
3 328 402 2
1 430 527 1
3 990 921 3
3 570 961 2
3 142 569 1
3 729 321 4
1 224 514 5
3 690 551 4
1 795 992 3
3 879 415 2
3 323 82 3
3 177 871 1
3 205 855 2
1 327 519 5
2 449 982 2
1 817 201 4
1 283 254 5
3 665 829 3
2 434 722 3
1 245 443 5
3 763 6 2
1 412 242 4
3 744 816 5
1 370 120 5
1 332 497 3
3 536 69 3
3 798 809 5
3 524 833 4
3 760 724 3
1 54 312 1
1 392 312 2
3 356 27 2
1 602 875 3
1 87 258 1
1 170 106 1
3 357 714 4
1 570 961 2
3 768 384 2
3 481 147 3
1 236 658 1
3 12 733 3
1 437 747 4
1 580 673 1
1 292 565 1
3 639 107 5
1 130 842 2
1 557 921 2
3 524 833 4
2 997 559 2
1 556 238 5
1 994 162 2
1 65 764 5
1 110 574 3
3 62 721 1
3 278 572 1
1 388 596 4
1 83 165 5
1 213 775 1
1 324 664 2
1 387 376 2
3 944 478 1
1 710 412 4
3 587 24 5
1 59 567 4
2 637 767 4
1 458 839 2
3 933 483 4
3 877 809 5
3 714 274 5
3 256 210 4
2 117 767 2
2 83 165 5
1 428 58 5
3 25 215 3
1 641 407 4
3 812 935 1
3 848 20 3
1 691 27 5
1 297 20 5
1 903 633 3
1 349 281 3
1 604 647 5
3 606 786 4
3 998 642 2
1 91 574 2
3 571 374 4
3 216 280 4
3 777 776 4
3 332 516 3
1 929 333 2
1 958 655 4
1 417 420 4
3 142 789 4
1 911 124 5
3 723 716 3
1 660 882 4
1 734 910 1
3 953 66 2
3 121 849 3
3 56 934 2
1 237 588 5
1 165 420 1
1 990 676 3
2 611 539 3
1 143 264 5
1 297 20 2
3 700 516 2
3 640 541 1
3 74 975 3
1 282 756 4
1 665 829 5
3 134 801 5
3 89 499 5
3 215 91 4
1 992 432 4
1 867 666 5
1 488 323 3
1 303 496 5
1 456 538 3
1 167 339 5
1 994 378 3
1 927 533 5
3 706 376 2
1 144 915 2
3 244 536 2
3 329 897 4
3 84 709 4
3 356 902 2
3 210 294 3
2 65 764 5
1 988 884 4
3 394 337 4
1 160 639 3
3 828 110 2
1 390 464 5
1 271 165 3
1 568 436 4
1 63 52 4
1 450 721 3
3 394 337 2
1 928 289 5
3 41 667 2
1 436 34 2
1 109 409 5
1 17 73 4
1 314 653 5
1 485 156 3
3 700 772 1
1 908 156 1
1 450 721 5
1 873 719 2
3 249 833 4
1 806 704 2
1 659 70 2
3 143 264 5
1 700 516 4
1 843 19 1
3 814 1 5
3 410 835 4
1 489 815 4
1 393 8 1
3 727 420 5
1 125 393 4
3 597 839 3
3 345 156 3
2 451 338 4
3 476 353 2
1 888 712 5
3 556 238 1
3 229 416 3
1 924 135 4
3 530 954 5
3 213 775 1
3 750 787 3
2 586 928 4
3 88 59 1
1 605 610 4
1 757 38 1
3 702 412 4
1 80 428 4
1 253 513 3
1 930 461 4
2 99 845 1
1 998 642 1
3 897 407 1
3 573 851 3
1 21 133 1
1 216 638 4
1 882 795 4
1 934 536 3
1 752 113 4
3 840 345 2
1 451 338 3
3 560 297 3
1 322 536 3
1 665 441 4
1 132 301 5
1 748 974 2
3 391 508 1
3 1 880 2
2 672 829 2
1 62 7 2
1 347 478 3
1 848 597 1
1 726 461 3
3 211 530 5
1 546 640 5
1 227 48 4
1 370 171 1
3 712 708 5
1 131 209 1
3 877 572 2
3 867 602 5
3 840 867 3
3 376 856 3
1 879 695 1
3 213 553 3
3 927 533 4
1 82 248 2
1 744 816 2
3 332 497 3
1 961 34 2
1 448 993 1
1 796 62 2
1 300 805 4
3 388 596 2
3 840 345 1
1 640 541 4
3 990 921 4
2 356 859 3
1 641 799 5
1 701 924 2
1 802 41 4
1 607 467 3
1 788 831 1
3 324 664 3
1 408 18 4
3 727 420 4
1 74 531 5
3 690 551 5
2 282 263 2
2 446 998 3
3 764 68 2
3 384 740 1
3 43 722 5
1 83 165 2
1 350 815 1
1 51 60 4
1 488 323 5
1 564 276 3
3 961 34 1
1 476 257 1
1 458 839 1
1 827 366 4
1 874 84 5
3 710 180 3
3 446 998 2
3 897 407 3
1 860 995 4
3 371 621 5
1 102 513 1
1 520 612 4
1 999 554 4
1 781 420 4
3 992 432 1
3 604 647 1
2 874 84 5
3 470 287 4
1 132 301 1
1 121 220 2
3 901 200 1
2 48 482 1
3 936 46 2
1 651 866 3
1 156 403 5
3 598 652 2
3 686 961 1
1 640 160 2
1 989 999 3
1 335 470 5
1 926 398 3
1 831 87 1
3 495 613 3
3 573 851 1
1 109 409 3
1 935 201 4
2 145 549 1
1 560 87 1
1 402 7 4
1 573 800 5
1 308 304 5
1 661 144 5
1 669 512 1
3 772 145 3
1 907 132 1
3 877 572 1
1 523 152 4
1 49 620 5
3 330 507 3
1 945 786 2
1 447 37 2
3 37 437 2
1 124 469 4
3 470 962 2
1 792 734 3
1 638 222 2
1 337 896 3
3 135 718 5
3 410 503 3
1 837 648 3
1 256 210 2
1 950 958 1
1 491 656 4
1 903 770 3
1 426 323 1
3 985 162 5
3 318 731 4
3 573 851 1
1 685 746 1
3 186 175 4
1 546 767 3
1 451 338 4
1 170 106 4
1 40 6 3
1 557 108 5
3 1 125 5
3 428 58 2
1 29 970 1
1 733 838 2
1 840 853 1
3 591 518 4
3 298 566 2
1 94 553 2
1 990 921 2
1 704 28 1
3 585 106 5
1 991 97 1
3 164 701 2
1 170 330 2
1 25 215 5
2 495 494 1
3 186 175 1
2 908 156 1
3 485 480 4
2 491 656 4
3 720 56 2
1 819 734 5
3 726 461 2
3 402 906 1
1 966 953 2
3 868 255 1
1 729 321 5
1 958 655 3
1 167 56 5
3 602 193 5
3 43 621 4
1 863 231 1
1 227 48 2
1 63 933 3
3 79 940 5
3 879 695 4
3 181 69 5
3 345 872 5
1 694 819 2
3 591 421 5
1 89 499 2
1 84 1000 4
3 91 574 5
1 22 307 4
3 903 918 1
1 882 795 3
3 560 87 5
1 419 449 1
1 704 479 3
1 79 940 2
1 475 319 4
1 285 63 1
3 686 961 1
1 669 512 2
3 702 439 5
3 934 161 3
3 618 592 4
3 667 961 3
3 112 990 3
3 997 419 2
1 930 461 3
1 435 352 3
1 733 838 1
1 95 491 4
1 434 722 2
3 760 724 1
1 318 731 5
1 994 162 4
1 165 420 2
3 428 58 1
1 113 780 1
1 163 194 1
1 882 801 4
3 409 421 1
2 560 87 1
3 821 698 1
1 348 97 2
1 685 746 2
3 907 392 5
1 126 194 1
3 731 196 5
3 823 366 4
2 556 238 4
3 699 341 3
1 972 701 5
1 757 438 2
3 110 409 2
1 796 221 3
1 91 574 5
1 956 153 4
1 680 854 3
2 867 602 3
3 727 420 2
1 868 457 3
1 949 245 3
3 159 380 1
3 249 833 4
1 838 855 4
1 202 319 4
1 634 457 1
1 133 463 3
1 605 634 1
3 278 572 4
1 424 223 5
1 934 590 5
3 616 560 3
1 622 99 5
3 937 269 1
1 994 378 2
1 123 895 1
3 236 758 4
1 27 891 2
3 564 276 2
1 417 13 5
1 357 714 2
3 838 855 4
1 879 695 3
1 791 577 1
3 172 740 4
1 585 106 5
1 13 370 4
1 305 967 1
1 944 424 2
3 914 187 2
1 134 801 2
1 660 882 5
1 458 80 1
3 142 266 5
2 287 610 5
3 29 970 3
1 575 775 4
3 769 375 3
1 44 329 5
1 985 81 5
3 459 347 1
1 925 112 1
1 137 686 4
3 429 206 3
1 720 56 3
1 282 263 1
1 79 940 4
1 882 729 1
3 128 878 5
1 607 467 1
3 662 560 5
3 163 194 2
3 948 194 4
3 680 854 1
1 908 156 2
1 409 421 1
3 125 81 1
3 140 3 4
1 111 104 1
1 422 848 1
3 286 285 3
1 271 97 5
1 392 312 3
3 701 596 4
1 224 514 1
3 867 666 1
3 572 786 4
3 572 786 3
2 517 268 1
3 922 830 1
3 195 519 3
3 852 171 4
3 504 33 5
3 51 60 1
1 129 460 5
3 481 147 5
3 686 961 4
3 79 940 5
1 990 676 4
3 585 106 3
1 329 897 3
1 130 842 4
1 574 577 1
3 701 972 4
1 18 972 3
3 57 847 4
3 992 432 3
3 605 634 5
1 134 801 1
3 712 212 1
3 591 518 1
1 610 331 4
1 713 719 4
1 922 830 4
1 169 560 3
3 114 944 3
3 600 185 5
1 320 324 1
3 27 636 5
3 165 420 1
1 897 407 5
3 637 634 4
1 759 980 4
3 596 969 4
3 568 436 1
1 340 880 2
1 205 855 5
1 924 135 1
1 700 772 3
1 996 682 2
1 259 181 1
1 598 173 3
3 816 596 5
2 95 491 4
1 951 84 3
1 923 692 2
3 683 881 2
3 680 568 1
1 848 20 2
1 340 880 5
1 582 261 1
1 929 333 3
3 568 436 1
3 193 546 1
1 485 990 1
3 437 355 4
3 355 119 3
3 651 374 3
1 537 436 4
1 495 613 2
3 759 588 2
1 602 875 1
3 142 52 5
3 57 847 4
1 765 360 2
3 308 921 3
2 660 76 4
1 926 398 4
1 163 194 3
1 42 220 4
1 125 81 2
1 437 355 1
3 554 758 2
1 552 70 2
3 934 161 1
2 586 677 2
3 224 514 2
1 42 220 5
3 129 460 1
1 685 746 4
3 613 446 3
3 955 816 5
1 665 18 5
3 595 743 5
3 121 163 3
1 31 178 2
3 12 673 4
3 111 104 4
1 125 393 5
3 494 232 3
1 985 409 4
1 713 719 5
1 220 78 2
3 378 127 1
3 575 788 2
1 890 399 1
2 768 384 3
3 961 531 1
1 878 541 1
3 170 106 2
1 700 835 4
3 925 112 3
3 166 796 2
1 746 304 4
1 142 52 2
1 842 754 1
3 253 513 4
3 126 69 4
1 4 791 4
3 700 516 2
3 955 816 2
1 401 505 2
2 485 990 1
1 955 816 5
1 557 108 1
3 318 731 4
2 327 519 5
3 923 743 1
2 135 718 5
3 143 264 2
2 409 421 1
1 451 338 1
3 109 409 1
3 992 432 1
1 287 610 5
1 429 21 2
1 888 712 3
1 332 497 2
3 340 450 5
3 735 125 1
1 927 533 4
2 4 265 5
2 698 181 4
1 960 981 3
1 97 221 3
1 436 371 1
1 233 318 1
1 519 733 1
1 822 789 4
3 143 251 5
1 907 392 5
1 485 990 1
3 401 505 1
1 300 724 3
1 990 989 4
3 448 993 2
2 129 460 5
1 597 839 4
1 647 577 3
3 205 855 1
1 868 457 5
3 172 399 1
3 700 772 5
1 424 223 1
1 830 440 3
3 719 375 3
1 489 815 1
3 245 443 5
