1000
3 535 631 10
1 62 420 6
3 806 487 2
1 535 631 1
1 62 866 6
1 806 487 8
3 143 293 9
3 62 866 3
3 535 631 9
3 143 293 6
2 806 487 8
1 535 631 2
2 62 420 6
1 806 487 3
3 143 293 1
3 806 487 1
1 62 866 9
3 62 420 5
1 806 487 6
3 62 420 7
3 535 631 5
3 806 487 5
1 62 420 8
1 62 866 5
1 535 631 6
3 806 487 10
3 806 487 8
3 62 420 8
1 806 487 2
1 143 293 1
3 62 866 10
1 143 293 9
1 806 487 8
1 62 420 4
1 62 866 10
3 535 631 5
3 535 631 10
1 535 631 7
3 806 487 1
1 535 631 3
1 62 420 7
3 535 631 8
1 806 487 10
3 62 866 1
3 62 420 8
3 62 420 2
1 535 631 4
3 62 866 7
2 535 631 6
1 143 293 4
1 62 420 6
2 143 293 4
3 62 420 6
3 62 866 3
1 535 631 5
3 806 487 10
2 62 866 10
1 62 866 3
1 143 293 4
3 535 631 8
3 62 866 4
3 806 487 10
3 62 420 10
2 806 487 8
1 62 866 10
1 143 293 3
3 806 487 9
3 535 631 6
3 806 487 1
3 62 866 1
3 62 866 1
1 143 293 2
2 143 293 1
1 806 487 9
1 143 293 8
3 535 631 9
3 806 487 5
3 62 420 6
1 62 420 3
1 62 866 8
1 806 487 7
2 806 487 6
1 62 866 1
3 62 420 7
1 806 487 5
3 62 866 6
1 62 420 10
2 62 420 7
3 62 866 1
1 62 420 9
2 806 487 10
3 806 487 5
1 535 631 9
1 62 866 4
1 62 420 5
1 535 631 8
1 143 293 1
1 62 420 2
2 62 420 9
2 535 631 9
3 62 866 7
1 806 487 8
2 535 631 3
1 143 293 5
3 62 866 6
1 62 866 7
3 535 631 6
3 62 866 7
2 806 487 2
2 62 866 7
1 62 420 9
1 535 631 6
3 62 866 2
2 62 866 5
3 143 293 3
3 806 487 3
2 535 631 2
2 62 420 3
1 62 420 3
2 62 420 8
1 62 866 5
3 62 420 5
2 535 631 8
1 806 487 4
1 62 866 2
1 62 866 7
3 143 293 5
1 806 487 10
3 806 487 8
1 535 631 10
2 62 866 6
1 535 631 8
2 535 631 10
3 62 420 4
1 806 487 6
3 535 631 8
3 62 420 9
1 62 866 6
3 535 631 5
3 62 420 8
3 143 293 7
2 143 293 5
1 62 420 8
1 806 487 2
3 535 631 6
3 62 866 2
1 143 293 5
3 143 293 3
1 806 487 1
3 806 487 8
3 535 631 10
2 143 293 2
3 535 631 1
3 62 866 3
3 143 293 2
3 62 866 5
3 535 631 6
2 535 631 8
1 535 631 2
1 143 293 10
2 62 420 10
3 806 487 10
2 62 866 2
2 62 866 1
3 535 631 9
3 806 487 7
3 806 487 2
3 806 487 2
3 143 293 8
3 535 631 2
1 62 866 1
1 62 420 1
3 62 866 10
3 806 487 4
3 806 487 8
1 535 631 8
3 143 293 3
1 535 631 9
1 62 866 2
2 806 487 10
1 535 631 10
2 806 487 8
3 143 293 6
1 806 487 8
3 535 631 10
1 62 420 10
2 143 293 4
2 806 487 4
3 62 866 3
3 62 866 9
3 62 866 9
3 62 420 6
2 62 420 3
2 62 420 8
2 806 487 8
2 62 420 10
3 62 866 9
1 143 293 7
3 62 420 10
3 535 631 4
1 62 420 3
3 62 866 1
3 62 866 7
3 143 293 8
3 535 631 7
3 806 487 10
3 806 487 5
3 806 487 2
3 62 866 4
1 535 631 3
1 806 487 10
3 535 631 5
1 143 293 6
3 143 293 9
2 62 420 6
3 62 420 1
1 62 420 6
3 535 631 10
3 806 487 3
3 535 631 3
2 143 293 1
3 143 293 4
3 62 866 10
2 535 631 4
1 62 420 8
3 143 293 1
1 62 420 10
1 62 420 7
3 806 487 8
3 806 487 5
1 143 293 4
2 143 293 7
1 535 631 4
2 806 487 5
3 535 631 8
3 62 420 9
3 62 420 5
3 143 293 1
3 62 866 7
1 143 293 1
3 806 487 1
3 62 420 5
3 535 631 9
3 62 420 5
2 806 487 10
3 62 420 8
1 143 293 7
3 535 631 1
2 62 866 9
3 62 420 8
2 143 293 3
1 143 293 3
2 806 487 1
3 62 420 6
1 143 293 2
3 143 293 4
3 62 420 5
3 62 420 4
3 62 420 7
3 143 293 6
3 143 293 4
1 62 866 9
3 806 487 7
3 143 293 1
3 62 420 3
3 535 631 8
3 62 866 9
3 62 420 2
3 143 293 5
2 62 420 4
2 806 487 7
3 62 866 2
3 535 631 3
2 535 631 1
2 806 487 6
2 535 631 2
1 62 420 4
2 143 293 4
3 62 866 3
1 806 487 1
3 62 420 7
2 143 293 10
3 806 487 7
1 143 293 10
2 535 631 4
3 535 631 4
3 62 866 6
3 62 420 4
1 535 631 2
3 62 866 2
3 62 420 5
3 62 866 3
3 62 420 2
3 806 487 1
1 535 631 1
3 535 631 6
3 62 866 4
3 806 487 3
2 62 866 10
3 535 631 7
3 62 866 3
2 806 487 9
1 62 866 10
1 806 487 7
2 806 487 3
3 62 866 2
2 62 420 10
2 143 293 10
1 535 631 4
2 62 420 6
1 806 487 6
1 806 487 9
3 62 866 9
3 535 631 6
3 535 631 4
3 62 866 10
1 143 293 4
3 62 866 3
1 143 293 10
3 143 293 8
3 62 420 7
3 143 293 10
3 143 293 8
3 806 487 5
3 535 631 4
2 62 420 1
3 535 631 2
3 535 631 5
3 62 866 1
3 62 866 6
3 143 293 8
3 806 487 4
1 806 487 3
3 535 631 5
3 806 487 7
3 143 293 2
3 143 293 5
3 143 293 3
2 62 420 8
3 62 866 9
3 143 293 7
1 62 420 1
3 62 866 10
3 62 420 4
2 62 866 2
3 143 293 3
1 62 420 10
2 62 866 6
2 806 487 2
2 62 420 9
3 535 631 4
3 535 631 1
2 806 487 1
2 806 487 9
2 806 487 7
3 143 293 4
3 143 293 9
1 62 420 8
3 806 487 2
1 806 487 4
1 62 420 9
3 62 420 7
1 62 866 6
3 62 420 6
2 62 866 10
3 535 631 7
2 806 487 6
3 62 866 8
1 806 487 9
2 535 631 2
2 62 866 8
3 806 487 4
1 62 866 8
3 62 866 5
3 62 420 3
1 535 631 2
3 62 420 2
3 535 631 3
1 62 420 6
3 62 866 7
2 535 631 9
3 62 420 5
2 143 293 7
1 806 487 8
3 62 866 6
2 143 293 5
2 62 420 2
1 62 420 2
1 806 487 10
1 806 487 5
2 62 866 7
3 62 420 9
3 143 293 1
2 62 866 6
2 143 293 6
1 535 631 9
2 535 631 4
1 806 487 6
3 143 293 7
1 535 631 4
1 143 293 5
2 535 631 3
1 535 631 3
3 62 420 5
3 62 866 5
3 535 631 4
3 62 866 3
2 62 420 1
1 62 866 7
3 62 420 5
3 143 293 3
1 62 420 1
3 62 420 10
3 62 420 9
1 62 866 10
3 62 866 6
3 62 420 5
2 62 420 1
2 143 293 5
1 62 866 6
2 535 631 5
2 62 866 7
1 535 631 5
3 806 487 4
1 62 866 7
2 62 866 5
1 62 420 1
1 806 487 1
1 143 293 6
2 535 631 7
2 806 487 5
3 62 866 7
3 535 631 2
1 62 866 2
1 143 293 7
3 806 487 10
2 535 631 10
3 62 420 3
2 143 293 4
1 143 293 5
1 62 866 5
3 535 631 3
3 62 420 4
3 143 293 9
3 62 866 2
2 143 293 3
1 143 293 3
1 535 631 10
3 806 487 3
3 62 866 10
1 143 293 4
3 62 420 8
3 62 420 9
2 62 420 10
3 143 293 2
3 143 293 5
1 62 420 10
3 806 487 9
3 535 631 4
3 62 420 1
3 143 293 10
3 62 866 4
3 62 420 6
3 806 487 9
3 62 866 1
3 143 293 8
3 62 420 7
1 806 487 5
2 143 293 2
3 535 631 8
3 62 866 8
1 806 487 2
1 535 631 7
3 62 420 10
3 535 631 5
3 62 866 5
3 62 420 2
3 535 631 5
3 62 866 1
3 535 631 9
2 806 487 9
3 62 420 1
3 62 420 6
3 535 631 8
1 143 293 2
3 62 866 6
3 806 487 2
3 62 420 9
3 535 631 5
2 143 293 6
3 62 420 5
3 62 420 6
3 62 420 7
3 62 420 5
1 806 487 9
3 62 420 8
3 62 866 4
1 806 487 7
2 806 487 10
1 143 293 6
3 143 293 7
1 806 487 10
3 62 420 6
3 143 293 5
3 62 420 3
3 535 631 7
3 62 420 3
3 62 866 9
2 62 866 1
3 535 631 1
3 62 420 9
3 806 487 5
1 62 866 1
3 535 631 5
2 806 487 2
3 62 866 1
3 62 420 9
2 143 293 9
2 806 487 10
3 62 420 9
2 143 293 3
2 143 293 6
3 143 293 5
3 535 631 9
2 143 293 5
3 62 420 6
3 535 631 9
3 535 631 4
3 62 866 10
3 62 420 6
3 535 631 1
1 143 293 5
3 535 631 4
3 143 293 8
3 143 293 7
1 143 293 6
3 62 420 9
3 62 420 7
3 143 293 1
3 535 631 3
2 806 487 5
2 62 866 7
3 806 487 3
2 806 487 3
3 62 420 5
1 62 866 7
2 62 866 5
3 535 631 5
1 806 487 10
2 143 293 4
3 143 293 5
3 806 487 4
3 806 487 8
2 62 866 7
1 143 293 9
1 143 293 4
3 62 420 5
2 62 866 9
3 62 420 8
3 535 631 7
2 143 293 4
2 62 420 4
3 806 487 1
3 806 487 4
3 535 631 5
3 535 631 3
1 143 293 3
1 143 293 4
3 62 866 4
2 62 866 2
3 806 487 10
3 143 293 8
3 62 420 5
3 62 866 4
3 62 420 4
2 62 866 3
3 535 631 4
3 535 631 4
1 62 866 2
2 806 487 8
1 62 420 4
3 62 420 5
2 62 866 1
3 62 866 2
2 143 293 6
3 62 420 5
3 143 293 10
3 62 420 5
3 62 420 10
3 62 420 3
3 62 420 10
3 535 631 4
3 535 631 2
3 535 631 3
3 62 420 8
3 535 631 7
3 62 420 5
3 535 631 3
1 62 866 1
1 806 487 8
3 143 293 4
1 62 866 7
3 62 866 9
1 62 866 9
3 806 487 6
3 535 631 9
3 62 420 3
3 535 631 10
3 62 866 4
3 535 631 1
3 143 293 10
3 535 631 5
3 62 866 2
2 143 293 7
3 62 420 1
1 806 487 3
2 535 631 1
1 535 631 1
1 143 293 7
3 62 420 10
3 535 631 10
3 806 487 2
3 62 420 5
3 62 866 2
3 62 866 6
3 143 293 5
3 535 631 4
2 143 293 8
1 62 866 3
1 62 866 5
2 62 420 3
3 535 631 3
3 62 420 2
1 806 487 2
1 62 420 3
3 535 631 1
3 535 631 5
3 535 631 6
3 143 293 8
2 62 866 7
3 535 631 8
1 806 487 5
3 535 631 7
1 143 293 8
2 143 293 5
3 806 487 8
3 535 631 9
1 143 293 6
3 62 866 5
3 62 420 2
3 143 293 4
1 62 866 7
3 62 420 6
3 535 631 7
3 535 631 8
3 143 293 8
3 806 487 10
3 806 487 1
3 62 420 4
3 62 420 6
3 806 487 10
3 62 420 3
1 143 293 5
3 62 866 9
3 62 866 5
3 62 866 9
3 62 420 1
3 806 487 4
3 535 631 4
3 143 293 4
3 535 631 5
3 143 293 7
3 62 420 7
3 806 487 5
3 535 631 9
2 806 487 7
3 62 866 10
3 62 420 10
3 806 487 3
3 62 420 1
1 806 487 7
3 535 631 7
2 62 420 6
3 143 293 2
3 535 631 3
3 806 487 5
2 806 487 4
3 62 866 3
3 143 293 4
2 62 420 4
2 62 866 3
3 62 420 10
3 535 631 6
1 806 487 4
2 535 631 1
2 143 293 1
3 143 293 5
1 535 631 1
1 62 866 3
3 806 487 9
3 806 487 1
3 535 631 2
1 143 293 1
2 535 631 9
2 143 293 5
2 62 866 9
3 535 631 5
3 62 866 1
1 62 866 9
3 143 293 3
3 806 487 5
3 143 293 7
3 806 487 8
2 62 420 2
3 62 866 6
3 806 487 4
1 62 420 4
2 62 866 2
3 62 866 6
1 62 420 2
2 143 293 4
3 806 487 5
1 62 866 2
2 62 420 4
3 806 487 7
3 806 487 4
1 62 420 6
3 806 487 6
3 143 293 7
3 143 293 4
2 806 487 6
3 62 866 3
3 62 866 8
3 535 631 4
3 62 866 3
1 806 487 6
3 535 631 5
3 806 487 4
3 535 631 2
2 143 293 10
1 535 631 9
2 535 631 9
3 143 293 4
3 806 487 3
3 806 487 1
1 62 420 4
3 62 866 6
3 806 487 10
3 535 631 1
3 62 866 6
3 806 487 2
3 62 866 6
1 143 293 10
3 62 866 2
2 143 293 9
1 535 631 9
3 806 487 7
3 535 631 5
2 62 866 9
2 535 631 7
3 62 866 8
3 62 866 5
2 143 293 6
3 62 866 5
1 62 866 9
3 62 866 2
3 806 487 2
3 62 866 6
3 806 487 6
2 535 631 2
2 535 631 1
2 62 866 1
3 62 866 2
1 62 866 1
3 62 866 9
3 62 420 10
2 535 631 6
1 143 293 9
2 62 420 10
1 535 631 2
3 62 420 3
3 143 293 1
2 806 487 7
3 806 487 3
3 535 631 1
3 62 420 5
3 143 293 7
1 143 293 4
1 806 487 7
2 62 866 2
1 62 866 2
3 143 293 6
3 62 866 4
2 62 420 5
2 62 420 8
2 62 420 3
3 62 866 6
1 143 293 5
1 62 420 8
1 535 631 7
3 143 293 4
3 62 420 10
3 806 487 2
1 62 420 10
3 62 866 7
2 143 293 3
3 806 487 1
3 535 631 8
3 535 631 2
3 806 487 10
3 535 631 7
1 62 420 5
1 535 631 6
2 143 293 7
3 143 293 4
3 143 293 8
3 62 420 3
3 62 866 3
2 806 487 6
1 62 420 3
1 806 487 6
2 62 866 1
3 62 420 10
2 62 866 7
3 62 420 9
3 806 487 4
3 62 420 9
2 62 420 3
2 806 487 8
3 535 631 3
1 535 631 1
3 143 293 8
3 62 420 6
3 62 420 3
1 62 420 3
3 62 420 1
3 143 293 1
3 535 631 3
1 62 866 7
3 535 631 2
1 143 293 3
3 535 631 7
3 535 631 4
3 62 866 3
3 806 487 6
2 535 631 3
1 143 293 7
1 143 293 6
1 535 631 3
3 143 293 9
3 535 631 4
2 62 866 3
3 535 631 7
3 143 293 6
3 806 487 8
3 535 631 6
2 143 293 2
3 62 866 6
3 62 420 4
1 143 293 2
1 62 866 3
2 806 487 4
3 535 631 9
3 535 631 5
3 143 293 4
2 535 631 9
1 806 487 8
2 806 487 3
3 143 293 7
3 143 293 6
1 62 866 1
3 62 866 6
3 62 420 2
3 62 420 10
3 143 293 6
3 143 293 5
1 535 631 9
3 143 293 2
3 143 293 4
3 62 420 3
2 62 420 6
3 806 487 6
2 806 487 5
2 535 631 8
3 143 293 3
1 535 631 8
3 62 866 2
3 143 293 8
3 62 866 7
3 535 631 10
3 62 866 2
3 62 866 5
3 62 866 7
1 62 420 6
3 62 420 1
3 535 631 3
3 62 866 2
3 143 293 7
3 535 631 7
2 62 420 4
3 62 866 5
3 535 631 2
3 143 293 8
2 143 293 10
3 535 631 6
2 62 866 6
1 62 420 4
1 62 866 6
3 62 420 4
3 143 293 5
2 535 631 10
2 62 866 7
3 62 866 7
3 143 293 10
1 535 631 10
1 143 293 10
3 535 631 1
3 143 293 8
3 62 866 1
3 62 866 1
3 535 631 4
3 62 420 10
3 62 420 3
3 62 420 7
2 62 420 9
3 62 420 6
1 62 866 7
3 535 631 4
3 806 487 7
3 535 631 4
3 143 293 8
3 62 866 1
1 806 487 3
3 62 866 4
2 62 866 1
3 143 293 8
2 535 631 7
3 62 866 10
3 143 293 6
1 806 487 5
1 806 487 4
3 143 293 6
1 535 631 7
1 62 420 9
3 806 487 6
3 806 487 6
3 535 631 8
3 535 631 2
1 62 866 1
3 535 631 1
3 535 631 3
3 62 866 5
3 535 631 8
3 143 293 4
2 143 293 8
3 806 487 2
2 62 420 8
3 535 631 4
3 535 631 3
3 535 631 9
3 143 293 2
3 143 293 2
3 806 487 4
2 806 487 10
3 535 631 10
1 62 420 8
1 143 293 8
3 143 293 7
3 143 293 5
3 535 631 2
3 143 293 9
3 806 487 8
3 62 420 6
3 143 293 9
3 143 293 8
1 806 487 10
3 62 420 5
3 62 866 1
3 806 487 4
2 143 293 5
3 535 631 3
3 143 293 1
2 62 420 4
3 62 420 2
3 535 631 3
1 62 420 4
1 143 293 5
3 535 631 5
3 62 866 4
3 806 487 2
3 62 420 8
3 806 487 9
3 806 487 7
3 62 420 3
2 62 866 6
1 62 866 6
3 535 631 7
3 62 866 10
2 62 866 3
3 62 420 3
