1000
3 397 150 35
1 396 737 58
1 158 386 34
1 879 472 96
1 396 737 51
1 466 831 67
1 751 216 26
1 523 493 37
1 357 255 10
1 333 54 30
1 381 985 23
3 424 754 90
3 488 881 37
2 357 255 10
1 593 974 78
1 906 753 75
3 357 255 95
1 488 881 65
1 509 148 100
3 696 369 16
1 215 389 67
3 736 523 49
3 567 540 91
1 488 881 93
1 736 523 38
1 567 540 69
1 306 515 58
1 910 800 76
1 747 743 92
1 114 702 96
1 803 197 62
3 901 989 33
3 338 697 49
3 772 422 100
1 443 168 56
3 809 489 44
1 486 900 39
1 327 716 44
3 198 694 63
3 789 217 19
1 899 870 28
1 734 384 73
3 461 777 30
1 333 54 6
1 358 204 35
1 67 11 97
1 901 989 53
1 693 528 17
1 389 377 49
1 391 635 90
3 67 11 97
1 736 523 91
3 486 900 100
3 830 111 75
1 803 197 34
3 546 13 59
2 215 389 67
1 840 50 94
1 748 766 71
1 13 771 88
1 743 947 20
1 394 764 75
1 926 396 88
3 809 489 97
1 38 489 81
3 593 974 27
1 338 697 46
1 891 700 32
1 397 150 36
1 976 684 70
3 357 255 53
1 593 974 67
3 748 766 6
1 70 956 59
1 772 422 18
3 198 694 26
1 227 434 48
1 662 129 23
1 489 330 75
3 862 276 67
2 396 737 51
3 992 295 20
3 567 540 67
3 461 777 51
3 992 295 11
2 736 523 38
1 772 422 14
3 839 944 11
3 898 549 61
3 840 50 18
3 479 949 86
3 839 944 36
3 581 450 16
1 333 54 69
3 227 500 71
3 892 483 7
3 489 330 16
1 681 724 1
2 803 197 62
1 189 425 83
1 13 771 47
1 523 493 78
3 461 777 77
3 772 422 55
3 4 62 55
3 809 489 83
3 803 197 35
3 751 216 98
1 906 753 19
3 509 148 69
1 312 75 95
1 910 800 40
3 396 737 18
1 188 502 77
3 898 549 7
1 546 13 19
1 840 50 6
2 693 528 17
1 772 422 63
1 333 54 2
1 424 754 52
3 227 434 70
1 693 528 54
1 593 974 23
2 976 684 70
3 772 422 54
1 751 216 74
1 509 148 32
1 389 377 40
3 689 961 61
1 174 477 46
1 992 295 30
1 567 540 13
1 227 434 79
3 648 163 70
3 80 375 12
1 391 635 29
1 523 493 29
1 830 111 28
2 397 150 36
2 593 974 67
1 995 498 45
1 789 217 75
1 809 489 12
3 80 375 48
2 394 764 75
3 306 515 19
1 581 450 6
1 443 168 61
2 174 477 46
3 4 62 86
3 830 111 83
3 689 271 81
3 581 450 29
1 901 989 58
1 851 501 67
1 272 291 31
2 272 291 31
3 879 472 26
3 891 700 74
1 391 635 94
1 891 700 40
3 891 700 62
3 747 743 4
3 70 956 34
3 312 75 69
1 489 330 43
2 734 384 73
3 338 697 61
3 851 501 53
2 381 985 23
2 358 204 35
1 468 619 86
2 747 743 92
1 840 50 72
2 809 489 12
3 189 425 82
3 750 969 3
3 689 961 16
3 819 71 30
3 489 330 30
1 593 974 21
1 772 422 6
3 989 461 42
3 892 483 85
2 906 753 19
1 899 870 55
1 440 633 23
1 397 150 31
2 189 425 83
1 272 291 45
3 567 540 90
3 751 216 32
3 751 216 20
3 976 684 95
1 4 62 32
1 230 75 43
1 879 472 6
1 879 472 76
1 892 483 59
3 891 700 12
1 397 150 60
1 648 163 36
1 189 425 56
3 501 888 93
1 681 724 98
3 593 974 99
1 272 291 39
1 395 546 63
2 468 619 86
1 809 489 78
3 227 434 51
3 189 425 13
1 443 168 8
1 681 724 76
3 906 753 70
3 648 163 95
1 473 846 44
3 851 501 96
1 879 472 32
3 689 961 57
1 174 477 91
1 979 579 8
2 748 766 71
3 306 515 67
3 976 684 82
1 906 753 67
1 114 702 67
1 879 472 26
2 70 956 59
1 138 770 75
2 892 483 59
3 312 75 61
1 358 204 20
3 486 900 78
1 394 764 94
3 992 295 93
1 732 145 79
1 662 129 87
1 710 47 64
1 751 216 7
1 215 389 35
1 251 408 33
1 750 969 81
3 910 800 71
3 338 697 88
1 910 800 39
2 750 969 81
2 906 753 67
1 926 396 91
1 424 754 35
3 546 13 53
3 300 865 73
3 747 743 24
2 338 697 46
1 227 500 31
1 395 546 66
3 440 633 36
3 300 865 25
1 456 669 91
1 227 500 36
2 4 62 32
1 490 927 83
3 544 869 48
1 689 271 89
2 840 50 6
3 732 145 90
1 395 546 35
3 995 498 13
1 501 888 17
1 357 255 64
1 734 384 95
1 461 777 60
3 862 276 1
1 581 450 23
1 693 528 62
1 892 483 4
1 138 770 88
1 396 737 49
3 358 204 76
1 198 694 88
1 732 145 78
2 251 408 33
1 851 501 50
2 230 75 43
1 456 669 44
1 546 13 81
2 899 870 55
2 456 669 91
3 251 408 50
3 174 477 99
3 803 197 58
1 567 540 89
3 906 753 15
1 809 489 31
3 227 434 45
1 689 961 19
1 926 396 54
1 939 957 68
1 443 168 48
1 138 770 14
1 696 369 83
2 198 694 88
1 898 549 50
3 830 111 57
1 862 276 66
1 995 498 72
2 809 489 78
2 395 546 35
1 734 384 61
3 70 956 31
3 681 724 88
2 593 974 78
1 750 969 17
1 230 75 84
3 251 408 64
1 440 633 100
2 396 737 49
1 751 216 34
3 251 408 94
2 979 579 8
3 593 974 40
2 489 330 43
1 188 502 79
3 397 150 69
1 381 985 93
3 648 163 10
1 333 54 37
1 892 483 46
1 327 716 18
1 851 501 98
3 396 737 40
1 809 489 9
3 440 633 93
1 490 927 62
3 901 989 64
3 394 764 21
1 188 502 29
1 803 197 87
3 357 255 33
1 327 716 61
3 391 635 34
3 300 865 19
1 357 255 31
3 544 869 46
1 939 957 7
1 188 502 37
2 397 150 31
3 509 148 89
1 819 71 37
3 912 828 35
1 912 828 29
3 468 619 6
3 333 54 93
1 544 869 86
2 840 50 72
3 689 271 17
1 227 434 70
3 989 461 3
3 523 493 68
3 189 425 8
3 489 330 91
1 732 145 1
3 381 985 88
3 138 770 65
2 689 271 89
3 772 422 87
3 67 11 22
3 424 754 77
1 910 800 2
3 748 766 41
1 38 489 29
3 648 163 57
3 926 396 14
3 995 498 31
1 129 736 24
2 544 869 86
1 312 75 25
1 989 461 73
2 129 736 24
3 989 461 74
1 809 489 5
3 230 75 77
1 490 927 51
3 891 700 90
1 751 216 12
3 662 129 37
1 129 736 68
1 488 881 64
3 979 579 48
3 509 148 97
2 939 957 7
1 979 579 24
2 114 702 96
1 662 129 28
3 689 961 7
3 989 461 50
1 114 702 49
3 839 944 76
1 901 989 27
3 198 694 26
2 840 50 94
3 901 989 3
1 891 700 12
3 750 969 36
1 473 846 85
3 486 900 86
1 581 450 58
1 789 217 78
3 4 62 37
3 251 408 35
3 357 255 19
3 424 754 36
3 851 501 51
3 751 216 26
3 312 75 99
1 13 771 83
3 338 697 30
1 334 242 52
1 593 974 79
1 840 50 67
1 803 197 85
1 395 546 48
1 479 949 2
1 772 422 29
1 912 828 52
1 312 75 77
1 803 197 28
1 736 523 13
3 734 384 56
1 300 865 9
3 747 743 30
1 544 869 64
2 333 54 6
1 424 754 75
3 736 523 73
1 989 461 77
1 389 377 21
1 862 276 45
2 227 434 79
1 473 846 70
2 357 255 64
2 939 957 68
2 736 523 91
3 851 501 99
3 736 523 98
2 751 216 34
1 979 579 81
2 158 386 34
1 689 271 55
1 13 771 28
1 910 800 36
3 395 546 70
3 188 502 48
1 440 633 53
3 215 389 73
1 750 969 78
3 689 961 29
3 588 366 90
3 389 377 70
1 747 743 51
3 397 150 46
1 939 957 53
1 424 754 4
3 272 291 98
1 979 579 78
3 381 985 1
1 689 271 15
1 395 546 53
3 995 498 31
2 879 472 96
1 879 472 47
1 819 71 64
1 424 754 100
1 80 375 22
3 394 764 19
1 662 129 89
3 830 111 66
1 396 737 49
2 912 828 29
3 926 396 47
2 114 702 67
1 306 515 75
3 689 271 7
1 926 396 58
1 334 242 71
1 736 523 72
3 710 47 79
1 567 540 61
1 840 50 15
3 891 700 84
3 70 956 56
1 926 396 37
3 129 736 59
3 681 724 7
2 734 384 61
3 898 549 46
2 979 579 24
3 839 944 19
3 80 375 78
1 424 754 12
2 227 434 70
3 13 771 87
3 306 515 39
3 395 546 42
3 501 888 40
2 523 493 29
1 879 472 90
1 424 754 50
1 129 736 49
1 70 956 95
3 227 500 100
2 662 129 23
1 696 369 49
2 809 489 9
1 357 255 86
1 333 54 16
3 901 989 4
3 70 956 43
1 748 766 4
1 396 737 77
3 710 47 34
2 523 493 78
3 910 800 21
1 188 502 60
2 509 148 100
3 892 483 46
3 227 500 60
1 215 389 49
3 230 75 30
3 227 434 29
1 751 216 52
1 189 425 77
2 440 633 53
2 901 989 58
2 272 291 45
2 747 743 51
1 910 800 4
2 979 579 78
3 67 11 63
1 839 944 13
1 13 771 64
1 67 11 12
1 490 927 24
3 809 489 94
1 461 777 35
3 593 974 11
3 662 129 75
3 424 754 2
2 648 163 36
3 468 619 89
3 803 197 66
2 300 865 9
1 114 702 85
3 251 408 11
2 567 540 61
2 424 754 100
3 840 50 53
1 736 523 73
3 747 743 40
3 479 949 81
2 473 846 85
3 13 771 59
3 381 985 88
1 879 472 30
1 648 163 17
3 227 500 70
1 198 694 47
1 830 111 36
3 490 927 55
3 333 54 72
1 70 956 40
3 358 204 42
1 424 754 40
2 381 985 93
1 976 684 59
1 391 635 30
2 489 330 75
3 272 291 15
2 736 523 13
3 546 13 26
2 840 50 15
3 509 148 31
1 461 777 77
3 662 129 31
3 976 684 5
1 689 271 36
1 300 865 11
3 391 635 6
3 693 528 68
3 174 477 50
1 158 386 98
1 251 408 16
2 13 771 83
1 750 969 35
1 891 700 1
3 939 957 35
2 466 831 67
2 898 549 50
3 901 989 37
1 312 75 83
1 189 425 20
2 979 579 81
2 394 764 94
1 381 985 54
1 490 927 43
3 338 697 86
3 357 255 10
3 230 75 52
1 593 974 55
3 174 477 50
3 456 669 55
3 466 831 9
1 114 702 82
1 710 47 44
3 251 408 100
1 851 501 27
3 710 47 76
1 743 947 19
3 501 888 43
3 334 242 53
3 898 549 62
1 67 11 50
3 509 148 87
3 830 111 2
1 696 369 72
1 743 947 6
3 486 900 18
3 215 389 100
3 251 408 75
1 396 737 68
2 995 498 72
1 501 888 20
2 272 291 39
1 394 764 30
3 198 694 79
3 479 949 24
1 158 386 20
1 662 129 10
3 523 493 5
3 710 47 60
2 839 944 13
2 748 766 4
1 466 831 3
3 440 633 51
1 734 384 26
1 995 498 85
2 567 540 13
1 593 974 69
3 939 957 59
1 732 145 69
2 227 434 48
1 995 498 26
3 158 386 37
1 939 957 20
1 468 619 82
2 333 54 2
1 381 985 3
1 227 434 92
2 803 197 28
3 898 549 72
1 879 472 49
3 992 295 46
3 696 369 3
1 394 764 43
1 772 422 90
3 906 753 9
1 501 888 67
3 251 408 25
1 215 389 41
1 468 619 17
2 394 764 43
2 215 389 49
1 546 13 93
3 456 669 74
1 736 523 44
3 926 396 19
3 851 501 32
1 397 150 97
1 939 957 57
3 138 770 88
3 479 949 84
1 710 47 48
3 693 528 25
1 892 483 59
3 976 684 92
1 391 635 84
1 743 947 96
3 989 461 23
3 501 888 28
1 736 523 26
1 862 276 69
1 696 369 77
2 891 700 32
2 546 13 93
3 461 777 52
1 803 197 80
3 696 369 42
1 747 743 23
3 879 472 42
3 901 989 27
3 689 271 62
1 648 163 77
3 789 217 28
1 396 737 88
3 357 255 11
3 751 216 32
1 501 888 27
3 358 204 63
3 461 777 85
3 227 434 14
1 830 111 20
3 748 766 31
1 215 389 6
3 662 129 2
3 456 669 98
2 389 377 49
1 662 129 24
1 188 502 4
3 648 163 79
1 544 869 74
3 862 276 35
2 743 947 20
2 840 50 67
3 138 770 16
1 114 702 65
3 358 204 67
1 333 54 36
2 648 163 17
3 67 11 24
1 381 985 14
2 129 736 49
1 710 47 91
2 747 743 23
1 750 969 28
3 995 498 60
1 747 743 29
1 593 974 13
3 901 989 89
3 772 422 91
3 138 770 59
2 689 961 19
3 662 129 6
2 67 11 50
2 70 956 40
3 906 753 32
1 490 927 57
1 995 498 97
2 662 129 89
1 138 770 68
1 396 737 98
2 189 425 77
1 333 54 91
3 862 276 93
3 995 498 68
3 710 47 4
1 188 502 42
3 891 700 70
1 129 736 76
3 581 450 75
3 851 501 25
3 334 242 26
1 899 870 25
2 38 489 81
1 734 384 70
3 772 422 69
1 114 702 37
1 466 831 10
3 230 75 38
2 830 111 28
1 898 549 16
1 681 724 4
1 696 369 74
3 174 477 70
1 693 528 82
2 750 969 78
1 251 408 56
2 567 540 69
1 456 669 74
3 879 472 34
1 395 546 14
3 129 736 15
3 80 375 60
1 979 579 13
3 338 697 77
2 992 295 30
1 901 989 78
3 581 450 8
3 227 500 81
1 443 168 21
1 4 62 62
3 114 702 55
3 489 330 96
3 696 369 82
1 391 635 41
1 892 483 81
3 509 148 82
2 13 771 88
2 898 549 16
1 473 846 54
1 80 375 45
3 473 846 20
3 939 957 27
3 227 500 6
1 839 944 30
2 891 700 40
2 486 900 39
2 912 828 52
1 912 828 68
3 681 724 92
3 926 396 90
2 989 461 77
1 693 528 66
1 215 389 3
2 70 956 95
2 830 111 20
1 581 450 62
3 809 489 20
1 789 217 58
2 906 753 75
1 479 949 66
1 567 540 62
1 198 694 10
3 501 888 92
2 593 974 13
1 227 500 29
1 67 11 85
1 479 949 83
3 67 11 97
3 581 450 57
3 251 408 91
1 189 425 3
1 830 111 72
3 227 434 80
1 830 111 28
3 486 900 75
3 395 546 18
3 227 434 29
3 489 330 99
1 70 956 11
2 593 974 23
2 174 477 91
3 819 71 50
1 158 386 46
1 4 62 24
3 272 291 76
1 509 148 70
1 899 870 83
3 681 724 94
3 879 472 43
1 662 129 13
1 461 777 10
2 424 754 4
1 803 197 74
2 381 985 54
2 38 489 29
2 862 276 69
1 581 450 40
3 696 369 81
1 862 276 28
1 523 493 9
3 381 985 81
1 789 217 14
1 899 870 72
1 357 255 74
2 424 754 75
3 486 900 50
1 198 694 54
1 736 523 71
3 689 271 82
3 976 684 46
3 734 384 85
1 840 50 70
3 489 330 66
3 648 163 9
2 227 434 92
1 648 163 30
3 4 62 85
3 899 870 17
3 689 961 86
1 188 502 26
3 588 366 8
3 397 150 85
1 13 771 30
2 693 528 54
3 189 425 86
1 13 771 25
3 486 900 33
2 567 540 62
1 819 71 89
2 926 396 91
1 306 515 76
3 38 489 13
3 839 944 41
1 839 944 14
3 489 330 77
1 898 549 43
1 198 694 20
3 910 800 59
3 440 633 13
1 926 396 57
1 358 204 75
3 67 11 12
3 227 500 18
1 789 217 71
1 772 422 7
1 747 743 17
1 333 54 10
1 490 927 4
1 926 396 45
3 789 217 82
1 819 71 42
3 456 669 86
3 466 831 5
3 461 777 46
1 830 111 78
1 772 422 80
1 696 369 45
3 198 694 36
3 544 869 54
2 772 422 80
3 751 216 85
1 391 635 12
2 501 888 17
1 901 989 43
2 129 736 68
1 333 54 88
1 851 501 11
3 461 777 24
3 689 271 44
3 227 434 16
3 546 13 78
2 772 422 29
2 839 944 30
1 473 846 72
2 391 635 84
2 995 498 85
3 593 974 25
2 4 62 24
1 710 47 93
2 129 736 76
2 397 150 97
1 215 389 58
3 689 271 27
2 395 546 53
1 338 697 93
1 681 724 21
2 891 700 12
1 466 831 39
1 466 831 15
3 879 472 100
3 300 865 7
1 466 831 79
1 747 743 54
3 989 461 29
3 789 217 69
3 188 502 92
3 230 75 14
3 839 944 81
1 803 197 31
1 939 957 1
1 456 669 53
3 486 900 58
3 4 62 64
1 710 47 37
1 803 197 48
3 129 736 60
3 338 697 57
3 751 216 67
3 479 949 91
1 734 384 28
1 479 949 18
1 830 111 88
3 819 71 35
1 546 13 84
3 198 694 8
1 501 888 47
3 138 770 49
1 489 330 79
2 158 386 46
3 395 546 41
3 840 50 6
3 174 477 18
1 198 694 29
2 995 498 97
1 501 888 50
1 38 489 76
2 696 369 74
3 129 736 76
3 358 204 26
3 581 450 59
3 840 50 64
3 892 483 43
3 486 900 28
1 490 927 7
2 523 493 37
3 38 489 19
2 891 700 1
2 544 869 64
3 567 540 61
