999
1 23 625 15
3 306 629 2
3 416 658 10
3 306 629 11
1 306 629 27
1 768 751 26
3 51 382 29
1 380 555 20
3 163 487 12
3 459 67 18
3 255 325 19
1 51 382 8
1 163 487 11
3 754 840 3
3 629 372 21
3 255 325 22
1 163 487 10
1 957 499 28
3 255 325 19
1 801 169 10
2 306 629 27
3 459 67 22
3 8 615 6
3 801 169 10
1 416 658 11
3 440 72 15
3 459 67 1
1 957 499 9
1 126 678 27
3 263 326 8
3 361 489 17
1 263 326 3
3 730 921 3
2 126 678 27
1 957 499 24
3 361 489 10
3 144 482 22
3 144 482 15
1 459 67 3
1 537 727 22
1 616 27 29
3 8 615 9
1 629 372 4
1 266 138 7
1 361 489 23
3 801 169 21
2 801 169 10
3 440 72 18
1 768 751 16
1 163 487 2
1 274 796 11
3 440 72 20
2 416 658 11
1 416 658 20
1 755 832 8
3 266 138 2
3 833 126 22
1 755 832 29
3 629 372 15
1 144 482 27
3 730 921 30
3 754 840 8
3 274 796 20
1 274 796 24
1 266 138 9
1 380 555 8
3 713 483 6
3 673 997 9
3 163 487 9
3 755 832 6
1 306 629 2
3 361 489 20
2 266 138 9
2 51 382 8
3 537 184 9
1 755 832 13
3 416 658 24
3 255 325 2
3 144 482 18
3 754 840 15
2 416 658 20
1 801 169 14
3 440 72 17
3 616 27 14
1 537 184 28
3 713 483 5
1 629 372 3
3 754 840 7
1 459 67 19
1 306 629 25
1 51 382 18
1 416 658 4
3 459 67 30
3 440 72 30
3 126 678 28
2 616 27 29
1 416 658 26
3 263 326 8
1 833 126 6
3 755 832 13
3 537 184 23
3 8 615 3
3 274 796 3
1 713 483 19
3 380 555 8
3 537 184 27
1 616 27 24
2 616 27 24
3 163 487 6
1 255 325 21
3 713 483 11
3 833 126 15
2 833 126 6
1 274 796 15
2 459 67 3
3 945 41 1
3 255 325 16
1 51 382 28
2 755 832 13
3 263 326 13
1 629 372 30
1 380 555 6
3 274 796 14
1 163 487 7
3 144 482 25
3 833 126 6
1 255 325 22
1 255 325 24
3 361 489 3
1 51 382 19
1 629 372 24
3 801 169 15
1 730 921 1
1 945 41 28
1 537 727 4
1 144 482 9
3 730 921 11
3 416 658 17
1 459 67 13
3 8 615 11
1 144 482 8
1 801 169 29
1 730 921 18
1 255 325 9
1 440 72 15
1 459 67 4
1 537 184 20
3 833 126 24
3 255 325 7
3 416 658 17
2 730 921 18
3 51 382 1
2 380 555 20
2 768 751 26
2 274 796 15
2 266 138 7
1 616 27 19
3 713 483 8
1 126 678 10
3 459 67 10
1 274 796 17
2 616 27 19
3 266 138 3
3 459 67 19
1 163 487 21
1 416 658 16
3 255 325 13
1 673 997 30
1 144 482 19
2 537 184 28
1 945 41 20
1 361 489 19
3 306 629 13
1 537 184 27
3 833 126 10
3 416 658 11
3 833 126 4
1 754 840 16
2 255 325 9
2 673 997 30
1 629 372 20
1 957 499 13
1 255 325 23
3 163 487 10
3 266 138 30
1 263 326 27
1 616 27 30
1 416 658 3
1 945 41 13
3 754 840 28
1 51 382 26
2 144 482 27
1 8 615 16
2 629 372 24
3 537 727 29
2 713 483 19
2 730 921 1
1 23 625 25
3 416 658 20
2 380 555 8
1 416 658 2
1 616 27 17
1 255 325 4
2 616 27 30
3 945 41 20
3 274 796 14
1 266 138 27
3 126 678 26
3 459 67 3
3 833 126 20
3 266 138 4
2 255 325 4
1 616 27 4
1 126 678 6
2 163 487 11
1 8 615 13
1 754 840 18
3 440 72 21
1 51 382 12
3 957 499 30
3 440 72 18
3 673 997 17
1 673 997 9
3 616 27 13
1 833 126 19
1 833 126 7
1 51 382 1
2 768 751 16
3 126 678 7
3 126 678 15
3 263 326 8
2 440 72 15
1 616 27 9
1 801 169 30
1 945 41 23
3 755 832 18
3 416 658 12
3 673 997 3
3 266 138 18
1 801 169 4
3 440 72 16
2 144 482 8
1 730 921 21
1 537 184 2
3 163 487 27
3 537 727 5
3 673 997 17
3 537 727 7
2 730 921 21
1 801 169 15
1 126 678 8
1 266 138 26
3 801 169 18
3 754 840 25
3 263 326 3
3 945 41 17
3 51 382 19
3 673 997 28
1 537 184 29
1 51 382 24
1 126 678 16
1 768 751 28
1 673 997 23
1 126 678 20
3 274 796 20
1 361 489 16
3 51 382 25
3 616 27 19
1 616 27 5
3 537 184 17
2 801 169 29
3 274 796 12
3 361 489 20
1 380 555 25
1 51 382 10
1 306 629 28
3 537 184 16
3 629 372 25
1 144 482 13
1 730 921 11
3 274 796 9
3 629 372 4
3 713 483 20
1 459 67 8
1 266 138 15
3 730 921 1
2 255 325 23
1 266 138 1
1 833 126 20
1 801 169 27
1 126 678 7
3 255 325 5
1 8 615 10
1 380 555 8
2 274 796 24
1 306 629 8
3 440 72 12
3 51 382 4
1 255 325 23
1 945 41 3
1 8 615 23
3 380 555 22
3 537 727 21
1 361 489 2
1 274 796 20
2 163 487 7
3 754 840 27
3 440 72 19
1 713 483 13
1 144 482 27
1 263 326 1
1 537 184 21
1 730 921 26
1 713 483 17
1 713 483 26
2 266 138 27
3 440 72 24
1 361 489 5
1 768 751 20
2 754 840 16
3 537 727 15
1 673 997 4
3 537 184 1
1 266 138 28
1 801 169 23
1 537 727 5
1 755 832 23
2 713 483 17
3 163 487 18
1 833 126 22
1 274 796 3
1 768 751 1
2 306 629 25
1 416 658 14
3 266 138 25
3 730 921 28
1 440 72 8
3 440 72 14
3 730 921 21
3 754 840 5
1 263 326 7
2 361 489 16
1 51 382 16
1 416 658 23
3 306 629 5
3 23 625 18
1 833 126 29
2 144 482 9
1 730 921 14
3 537 184 26
2 673 997 4
2 616 27 4
3 801 169 23
1 440 72 18
1 616 27 10
3 144 482 26
3 416 658 13
3 306 629 26
3 673 997 15
3 23 625 5
3 255 325 3
1 754 840 20
3 537 727 22
1 255 325 25
1 801 169 7
1 440 72 12
3 768 751 19
3 380 555 20
1 380 555 20
3 730 921 24
1 673 997 5
1 23 625 6
1 163 487 20
3 361 489 22
3 833 126 6
3 416 658 25
3 768 751 9
3 537 184 23
3 380 555 22
3 833 126 16
3 537 727 13
1 537 727 13
3 945 41 5
3 629 372 22
1 8 615 24
1 23 625 22
1 126 678 5
3 361 489 21
1 629 372 19
2 255 325 25
3 537 184 18
2 416 658 16
1 616 27 8
3 713 483 5
3 629 372 26
3 8 615 18
1 537 727 7
1 673 997 27
2 537 727 5
3 833 126 23
2 380 555 8
3 361 489 24
1 768 751 18
1 266 138 22
1 8 615 14
3 266 138 10
2 537 184 20
1 713 483 27
1 23 625 29
2 416 658 14
2 416 658 4
2 144 482 19
2 163 487 10
1 537 184 5
2 537 727 22
3 8 615 13
1 163 487 27
2 306 629 2
3 380 555 22
3 754 840 7
1 23 625 10
3 801 169 4
1 23 625 7
1 616 27 23
3 263 326 13
1 23 625 13
1 255 325 27
1 537 727 28
1 801 169 9
1 801 169 8
1 801 169 1
2 8 615 16
1 263 326 4
2 144 482 13
2 537 727 7
1 263 326 15
1 361 489 27
3 361 489 10
2 957 499 13
2 163 487 20
1 51 382 13
1 361 489 3
3 440 72 7
3 537 184 25
3 8 615 30
1 629 372 9
3 833 126 30
3 51 382 18
3 263 326 6
3 459 67 4
1 629 372 7
3 8 615 15
3 380 555 20
3 459 67 14
3 361 489 21
2 126 678 7
2 755 832 29
3 255 325 10
2 51 382 1
1 126 678 26
1 957 499 25
3 255 325 27
3 629 372 26
2 144 482 27
3 23 625 22
3 801 169 27
2 537 184 27
2 957 499 24
1 629 372 21
1 730 921 28
3 51 382 2
3 274 796 11
3 459 67 29
1 754 840 12
3 266 138 23
1 673 997 20
1 537 184 12
3 416 658 20
3 755 832 19
3 8 615 28
1 957 499 20
3 673 997 16
3 459 67 3
3 629 372 30
1 459 67 26
1 361 489 21
1 416 658 1
1 768 751 12
2 755 832 8
1 673 997 29
1 755 832 5
1 306 629 25
2 833 126 22
2 263 326 15
1 361 489 13
1 255 325 29
1 255 325 1
1 440 72 15
2 380 555 6
3 263 326 25
1 274 796 21
3 144 482 30
2 126 678 20
2 440 72 8
3 945 41 3
1 144 482 24
2 945 41 23
2 23 625 10
3 833 126 21
3 440 72 12
2 957 499 28
3 945 41 17
1 380 555 4
1 8 615 3
3 440 72 4
3 537 184 10
1 23 625 26
1 163 487 4
2 713 483 27
1 306 629 17
1 144 482 4
2 144 482 24
1 833 126 4
3 8 615 22
3 266 138 28
1 629 372 29
2 306 629 28
3 801 169 27
2 440 72 12
3 537 184 29
1 8 615 7
3 537 184 29
2 755 832 5
1 126 678 23
2 459 67 4
3 713 483 25
1 274 796 13
1 945 41 11
3 801 169 15
3 255 325 12
3 754 840 14
2 263 326 7
1 416 658 11
3 266 138 21
3 126 678 7
1 768 751 6
1 255 325 20
3 801 169 18
1 629 372 17
1 537 727 10
1 163 487 9
2 673 997 9
3 801 169 12
3 833 126 16
1 126 678 14
3 23 625 29
1 163 487 7
3 144 482 8
3 801 169 1
2 440 72 15
3 23 625 29
3 755 832 2
2 380 555 25
3 361 489 21
1 945 41 12
1 263 326 10
1 51 382 4
1 440 72 27
3 537 727 2
3 266 138 5
1 754 840 3
3 263 326 3
1 537 727 19
1 673 997 7
2 255 325 22
3 629 372 22
1 380 555 14
1 459 67 22
1 306 629 30
2 144 482 4
2 754 840 18
3 274 796 1
1 537 727 29
2 23 625 26
3 945 41 1
2 730 921 14
3 144 482 3
2 163 487 9
1 459 67 2
1 768 751 30
1 416 658 17
2 23 625 7
2 263 326 1
1 616 27 14
3 51 382 13
1 263 326 1
1 945 41 8
3 306 629 6
3 255 325 4
1 730 921 23
1 629 372 23
3 459 67 30
3 144 482 23
1 144 482 10
1 163 487 14
1 833 126 6
1 833 126 15
3 768 751 29
3 755 832 27
2 23 625 29
3 274 796 12
2 957 499 20
1 755 832 12
2 361 489 2
2 945 41 8
3 957 499 27
1 263 326 6
3 537 727 18
3 263 326 5
3 629 372 24
2 266 138 1
3 8 615 28
1 255 325 16
3 801 169 15
1 755 832 14
3 380 555 30
2 263 326 1
3 616 27 23
1 537 184 24
1 163 487 25
1 263 326 9
2 459 67 19
2 440 72 18
3 416 658 13
2 713 483 26
3 266 138 22
1 23 625 3
3 126 678 29
3 957 499 26
1 51 382 2
2 537 727 28
1 163 487 16
1 801 169 17
1 361 489 7
3 361 489 2
3 768 751 15
3 274 796 11
1 163 487 19
2 755 832 12
1 754 840 16
3 537 184 9
2 274 796 21
1 416 658 4
3 755 832 14
3 361 489 27
1 23 625 24
1 51 382 1
1 263 326 22
3 459 67 17
1 163 487 5
2 957 499 9
3 51 382 29
1 616 27 30
1 730 921 8
1 537 727 5
3 163 487 23
1 945 41 21
1 833 126 17
1 266 138 24
1 380 555 30
3 713 483 9
1 416 658 14
2 144 482 10
3 144 482 5
1 380 555 29
3 274 796 1
1 801 169 18
1 459 67 28
3 768 751 18
1 755 832 1
1 51 382 21
2 957 499 25
3 361 489 17
1 263 326 13
2 945 41 3
3 126 678 9
3 266 138 1
3 755 832 21
1 144 482 13
3 361 489 6
2 801 169 17
1 833 126 26
3 629 372 3
3 945 41 13
1 713 483 22
1 126 678 2
3 274 796 6
1 459 67 15
3 144 482 24
1 673 997 18
1 8 615 9
1 8 615 27
3 833 126 27
2 8 615 13
3 537 727 22
3 768 751 29
2 730 921 11
3 673 997 9
3 730 921 6
1 263 326 12
1 629 372 24
1 144 482 2
3 768 751 15
3 23 625 10
1 263 326 29
3 537 184 23
1 51 382 7
2 266 138 24
1 306 629 27
1 801 169 5
3 945 41 20
1 144 482 12
3 459 67 30
3 754 840 29
3 629 372 21
3 126 678 23
1 616 27 13
3 616 27 13
2 768 751 30
1 163 487 10
2 945 41 11
1 833 126 27
2 833 126 29
1 126 678 22
2 768 751 1
1 255 325 7
2 537 727 29
3 416 658 5
3 8 615 11
2 537 727 5
1 673 997 4
1 51 382 14
3 416 658 23
3 673 997 23
3 957 499 11
3 945 41 5
1 459 67 5
1 755 832 6
3 629 372 10
3 768 751 20
1 673 997 30
3 255 325 28
3 755 832 24
1 801 169 2
1 361 489 14
1 616 27 20
1 754 840 22
1 616 27 3
3 833 126 16
1 144 482 23
3 730 921 19
1 459 67 4
3 673 997 30
3 8 615 15
2 537 184 21
2 833 126 4
3 730 921 7
2 361 489 27
1 459 67 20
3 263 326 15
1 713 483 28
3 673 997 25
3 537 727 24
1 361 489 16
3 730 921 27
1 144 482 26
1 768 751 3
3 416 658 10
3 51 382 7
1 126 678 20
3 673 997 9
2 416 658 3
3 255 325 10
2 266 138 26
1 23 625 18
1 361 489 17
2 801 169 2
2 266 138 15
3 440 72 1
3 144 482 4
3 833 126 25
1 713 483 6
1 957 499 21
1 537 727 24
3 957 499 10
2 768 751 28
3 263 326 7
1 801 169 22
1 274 796 30
1 768 751 29
2 673 997 27
3 263 326 21
1 163 487 6
3 730 921 3
1 144 482 19
1 754 840 26
3 713 483 30
3 380 555 20
1 957 499 12
3 673 997 8
1 416 658 21
1 51 382 25
3 673 997 30
1 754 840 23
3 616 27 30
3 537 727 8
3 459 67 5
3 274 796 29
1 8 615 29
3 730 921 8
1 306 629 6
1 263 326 15
2 730 921 23
1 126 678 29
2 801 169 14
1 380 555 28
3 673 997 18
3 306 629 5
2 673 997 4
3 537 727 25
2 263 326 9
3 163 487 5
1 126 678 15
2 440 72 27
3 416 658 26
1 51 382 6
2 537 184 29
1 459 67 9
3 274 796 12
3 126 678 26
2 957 499 12
3 416 658 26
2 629 372 7
1 957 499 16
1 144 482 27
1 306 629 21
3 616 27 12
1 713 483 29
3 537 727 21
1 945 41 5
1 144 482 5
2 713 483 29
2 144 482 2
1 126 678 24
2 629 372 30
2 673 997 30
3 801 169 3
3 263 326 8
3 380 555 11
3 255 325 27
2 8 615 9
1 459 67 30
3 274 796 12
1 754 840 7
1 361 489 10
1 51 382 22
3 616 27 3
3 23 625 23
3 713 483 16
1 537 727 23
1 266 138 20
2 537 184 12
1 616 27 26
1 768 751 23
1 537 727 6
1 440 72 11
3 380 555 21
3 673 997 21
1 306 629 9
3 459 67 15
1 730 921 15
3 768 751 22
2 768 751 29
3 306 629 9
1 833 126 2
2 306 629 8
1 537 727 1
1 144 482 30
3 440 72 25
1 361 489 18
3 754 840 24
1 459 67 25
3 255 325 4
1 957 499 27
3 255 325 2
1 306 629 15
3 274 796 24
2 306 629 15
1 833 126 11
3 754 840 26
3 754 840 1
1 361 489 30
1 361 489 20
1 255 325 2
2 306 629 25
3 754 840 11
3 23 625 29
1 306 629 29
2 713 483 28
2 730 921 28
1 361 489 22
1 945 41 16
3 459 67 8
3 629 372 20
1 713 483 23
3 440 72 23
3 616 27 25
1 126 678 25
1 730 921 27
3 255 325 21
1 616 27 16
2 754 840 22
3 616 27 26
3 306 629 24
3 801 169 16
3 266 138 5
1 713 483 21
1 957 499 17
1 730 921 13
3 629 372 11
3 629 372 6
1 361 489 26
1 629 372 12
3 768 751 8
1 274 796 8
1 537 184 22
2 730 921 26
2 263 326 29
1 801 169 16
1 537 727 12
3 537 184 28
2 440 72 11
2 263 326 6
1 263 326 21
3 755 832 17
3 673 997 14
1 754 840 15
1 163 487 20
3 263 326 28
3 768 751 12
3 730 921 25
3 801 169 18
1 306 629 2
1 616 27 21
1 274 796 1
2 380 555 28
3 945 41 13
1 768 751 16
1 361 489 15
1 730 921 5
3 361 489 4
3 274 796 15
3 144 482 4
3 255 325 12
3 537 184 9
1 274 796 22
3 459 67 8
3 945 41 24
1 126 678 17
3 537 184 17
1 23 625 10
2 616 27 20
3 306 629 24
2 755 832 23
2 263 326 10
3 673 997 15
1 833 126 28
3 537 184 14
2 537 727 19
1 833 126 24
3 163 487 14
3 713 483 22
3 126 678 19
3 957 499 6
1 380 555 23
3 616 27 20
1 616 27 19
1 416 658 6
1 440 72 8
3 51 382 24
1 144 482 14
2 8 615 10
1 459 67 10
3 957 499 13
3 8 615 4
2 8 615 24
1 416 658 10
2 768 751 16
3 306 629 23
