1000
1 1 1 623
1 1 1 359
2 1 1 623
3 1 1 387
1 1 1 92
1 1 1 130
3 1 1 355
2 1 1 359
1 1 1 743
1 1 1 959
3 1 1 781
1 1 1 623
3 1 1 537
3 1 1 43
2 1 1 959
1 1 1 840
1 1 1 814
3 1 1 263
1 1 1 61
1 1 1 643
1 1 1 871
3 1 1 602
2 1 1 840
1 1 1 431
3 1 1 557
3 1 1 5
1 1 1 819
3 1 1 417
3 1 1 318
1 1 1 319
3 1 1 110
3 1 1 137
2 1 1 623
3 1 1 447
1 1 1 26
3 1 1 158
3 1 1 535
1 1 1 759
3 1 1 296
2 1 1 743
2 1 1 819
3 1 1 437
1 1 1 982
3 1 1 662
1 1 1 959
3 1 1 678
3 1 1 49
1 1 1 954
3 1 1 537
2 1 1 319
3 1 1 483
1 1 1 248
2 1 1 643
2 1 1 871
1 1 1 973
2 1 1 954
1 1 1 859
1 1 1 159
1 1 1 768
2 1 1 973
1 1 1 448
1 1 1 144
2 1 1 92
3 1 1 428
1 1 1 905
1 1 1 648
1 1 1 626
1 1 1 211
3 1 1 160
2 1 1 159
3 1 1 177
1 1 1 657
2 1 1 130
2 1 1 959
2 1 1 982
3 1 1 897
1 1 1 720
1 1 1 823
1 1 1 901
1 1 1 517
2 1 1 720
3 1 1 943
3 1 1 547
1 1 1 758
1 1 1 232
1 1 1 598
2 1 1 823
1 1 1 594
3 1 1 726
3 1 1 969
2 1 1 901
2 1 1 648
1 1 1 393
3 1 1 239
3 1 1 878
3 1 1 986
1 1 1 340
3 1 1 448
1 1 1 904
3 1 1 542
1 1 1 300
1 1 1 49
2 1 1 905
3 1 1 754
1 1 1 2
1 1 1 820
1 1 1 985
3 1 1 8
2 1 1 814
1 1 1 685
2 1 1 657
3 1 1 252
3 1 1 838
1 1 1 948
1 1 1 262
3 1 1 275
3 1 1 600
3 1 1 49
1 1 1 96
1 1 1 149
1 1 1 874
2 1 1 768
3 1 1 146
3 1 1 583
3 1 1 685
1 1 1 533
1 1 1 202
2 1 1 49
3 1 1 384
1 1 1 763
2 1 1 202
1 1 1 371
3 1 1 758
3 1 1 982
3 1 1 374
3 1 1 882
3 1 1 713
1 1 1 270
1 1 1 506
3 1 1 544
2 1 1 685
1 1 1 145
1 1 1 483
3 1 1 809
3 1 1 548
2 1 1 248
3 1 1 203
3 1 1 908
1 1 1 430
1 1 1 756
3 1 1 831
3 1 1 649
1 1 1 868
3 1 1 281
3 1 1 947
3 1 1 462
1 1 1 220
1 1 1 383
3 1 1 467
1 1 1 57
1 1 1 452
3 1 1 805
1 1 1 826
3 1 1 149
1 1 1 773
3 1 1 898
1 1 1 531
3 1 1 717
2 1 1 144
3 1 1 771
3 1 1 147
2 1 1 874
1 1 1 48
1 1 1 263
3 1 1 764
3 1 1 552
3 1 1 258
3 1 1 409
3 1 1 855
1 1 1 337
1 1 1 416
3 1 1 685
1 1 1 785
1 1 1 484
3 1 1 997
3 1 1 405
3 1 1 877
3 1 1 111
3 1 1 255
1 1 1 330
3 1 1 558
3 1 1 850
1 1 1 724
1 1 1 251
2 1 1 96
1 1 1 647
1 1 1 491
2 1 1 232
3 1 1 993
3 1 1 758
2 1 1 430
3 1 1 219
1 1 1 679
1 1 1 892
3 1 1 665
2 1 1 330
3 1 1 742
3 1 1 907
3 1 1 16
1 1 1 80
3 1 1 481
3 1 1 356
2 1 1 340
1 1 1 373
1 1 1 938
3 1 1 318
1 1 1 947
1 1 1 456
3 1 1 196
1 1 1 580
1 1 1 670
3 1 1 333
3 1 1 261
1 1 1 613
1 1 1 242
3 1 1 748
3 1 1 187
3 1 1 550
3 1 1 709
1 1 1 771
3 1 1 195
3 1 1 718
3 1 1 145
2 1 1 820
3 1 1 856
3 1 1 952
3 1 1 6
3 1 1 898
3 1 1 274
3 1 1 886
3 1 1 898
1 1 1 802
1 1 1 794
3 1 1 941
1 1 1 399
3 1 1 864
2 1 1 756
3 1 1 58
1 1 1 722
2 1 1 270
3 1 1 601
1 1 1 237
1 1 1 708
3 1 1 785
1 1 1 234
2 1 1 484
1 1 1 150
3 1 1 142
2 1 1 399
1 1 1 372
3 1 1 9
3 1 1 799
2 1 1 26
1 1 1 879
3 1 1 253
3 1 1 322
3 1 1 191
3 1 1 162
1 1 1 923
3 1 1 461
2 1 1 773
3 1 1 575
3 1 1 311
1 1 1 852
3 1 1 417
3 1 1 638
3 1 1 903
2 1 1 613
3 1 1 228
3 1 1 499
2 1 1 452
1 1 1 106
2 1 1 794
3 1 1 492
3 1 1 46
3 1 1 803
3 1 1 642
3 1 1 719
1 1 1 698
3 1 1 31
3 1 1 469
1 1 1 933
1 1 1 199
2 1 1 483
2 1 1 371
1 1 1 496
3 1 1 704
1 1 1 321
3 1 1 638
2 1 1 57
1 1 1 882
1 1 1 110
3 1 1 451
3 1 1 794
2 1 1 533
2 1 1 598
3 1 1 580
1 1 1 73
3 1 1 935
1 1 1 89
3 1 1 494
1 1 1 967
1 1 1 857
3 1 1 821
1 1 1 801
1 1 1 844
1 1 1 840
1 1 1 432
3 1 1 610
3 1 1 376
1 1 1 354
3 1 1 138
3 1 1 444
3 1 1 430
2 1 1 237
3 1 1 83
3 1 1 587
1 1 1 366
3 1 1 483
1 1 1 993
3 1 1 768
1 1 1 772
2 1 1 785
1 1 1 760
1 1 1 779
1 1 1 329
1 1 1 59
1 1 1 120
3 1 1 138
3 1 1 296
3 1 1 907
3 1 1 81
2 1 1 948
2 1 1 59
1 1 1 858
2 1 1 2
2 1 1 263
3 1 1 975
1 1 1 575
1 1 1 919
2 1 1 383
1 1 1 387
3 1 1 309
1 1 1 409
1 1 1 362
3 1 1 42
3 1 1 641
1 1 1 865
1 1 1 243
2 1 1 491
3 1 1 952
3 1 1 945
2 1 1 251
1 1 1 322
2 1 1 61
3 1 1 516
1 1 1 603
1 1 1 551
1 1 1 91
3 1 1 207
1 1 1 775
2 1 1 967
1 1 1 839
1 1 1 934
1 1 1 798
1 1 1 978
3 1 1 130
1 1 1 182
1 1 1 206
1 1 1 712
2 1 1 679
1 1 1 911
1 1 1 374
3 1 1 148
3 1 1 777
3 1 1 341
2 1 1 919
1 1 1 624
2 1 1 708
2 1 1 865
1 1 1 702
2 1 1 702
1 1 1 723
3 1 1 40
3 1 1 447
3 1 1 520
2 1 1 758
1 1 1 303
3 1 1 295
3 1 1 480
1 1 1 660
3 1 1 301
1 1 1 754
3 1 1 201
2 1 1 670
1 1 1 982
3 1 1 604
1 1 1 75
3 1 1 297
1 1 1 851
3 1 1 382
2 1 1 904
2 1 1 763
3 1 1 709
3 1 1 358
3 1 1 568
2 1 1 779
3 1 1 885
3 1 1 891
2 1 1 603
3 1 1 129
3 1 1 425
3 1 1 249
1 1 1 246
3 1 1 24
2 1 1 802
2 1 1 110
3 1 1 62
1 1 1 741
2 1 1 206
3 1 1 463
3 1 1 623
3 1 1 985
3 1 1 295
1 1 1 129
2 1 1 759
1 1 1 706
3 1 1 38
3 1 1 946
3 1 1 56
2 1 1 496
2 1 1 199
1 1 1 566
1 1 1 95
1 1 1 394
1 1 1 421
3 1 1 346
1 1 1 186
3 1 1 366
2 1 1 303
1 1 1 127
2 1 1 106
3 1 1 845
3 1 1 803
1 1 1 520
3 1 1 707
1 1 1 636
2 1 1 985
1 1 1 921
3 1 1 266
1 1 1 952
1 1 1 297
1 1 1 369
3 1 1 388
3 1 1 416
1 1 1 893
1 1 1 270
1 1 1 79
1 1 1 403
1 1 1 501
1 1 1 265
3 1 1 607
1 1 1 642
3 1 1 596
3 1 1 68
1 1 1 365
3 1 1 695
1 1 1 396
2 1 1 246
2 1 1 182
3 1 1 819
3 1 1 442
3 1 1 381
2 1 1 297
2 1 1 89
2 1 1 706
2 1 1 826
1 1 1 200
1 1 1 654
3 1 1 258
3 1 1 633
3 1 1 387
1 1 1 869
2 1 1 242
1 1 1 13
2 1 1 265
1 1 1 743
1 1 1 735
2 1 1 396
3 1 1 204
3 1 1 532
3 1 1 991
3 1 1 399
1 1 1 204
3 1 1 809
1 1 1 695
3 1 1 69
3 1 1 631
1 1 1 747
3 1 1 701
3 1 1 203
1 1 1 401
2 1 1 73
2 1 1 722
2 1 1 911
3 1 1 567
1 1 1 259
2 1 1 369
1 1 1 914
3 1 1 317
1 1 1 510
3 1 1 351
2 1 1 851
1 1 1 158
1 1 1 932
1 1 1 986
3 1 1 428
1 1 1 86
1 1 1 89
1 1 1 225
1 1 1 813
1 1 1 414
3 1 1 902
1 1 1 715
3 1 1 1
2 1 1 642
1 1 1 184
1 1 1 138
3 1 1 820
3 1 1 593
1 1 1 82
2 1 1 432
1 1 1 677
3 1 1 903
1 1 1 370
3 1 1 185
3 1 1 336
1 1 1 789
3 1 1 878
1 1 1 315
1 1 1 435
3 1 1 275
3 1 1 228
2 1 1 952
1 1 1 116
1 1 1 62
3 1 1 492
3 1 1 373
3 1 1 800
1 1 1 41
3 1 1 364
2 1 1 149
1 1 1 769
1 1 1 683
1 1 1 725
1 1 1 570
1 1 1 972
2 1 1 772
1 1 1 172
2 1 1 698
3 1 1 764
1 1 1 253
1 1 1 20
3 1 1 877
2 1 1 506
2 1 1 570
3 1 1 215
1 1 1 627
1 1 1 516
3 1 1 673
2 1 1 91
1 1 1 244
3 1 1 438
3 1 1 225
3 1 1 458
3 1 1 1
3 1 1 859
3 1 1 890
1 1 1 306
2 1 1 374
3 1 1 127
3 1 1 29
3 1 1 116
3 1 1 368
3 1 1 122
2 1 1 186
3 1 1 380
3 1 1 719
1 1 1 122
2 1 1 735
2 1 1 715
1 1 1 920
3 1 1 14
3 1 1 363
3 1 1 924
3 1 1 997
1 1 1 762
2 1 1 531
3 1 1 126
2 1 1 150
3 1 1 962
3 1 1 530
1 1 1 443
3 1 1 421
3 1 1 117
1 1 1 420
3 1 1 676
1 1 1 124
1 1 1 861
3 1 1 271
3 1 1 110
3 1 1 631
3 1 1 829
2 1 1 879
3 1 1 289
3 1 1 72
1 1 1 463
2 1 1 938
1 1 1 550
3 1 1 292
3 1 1 5
1 1 1 461
3 1 1 113
3 1 1 890
2 1 1 723
3 1 1 237
2 1 1 431
1 1 1 799
1 1 1 792
1 1 1 508
1 1 1 167
3 1 1 397
3 1 1 950
2 1 1 393
3 1 1 37
1 1 1 845
1 1 1 498
3 1 1 489
2 1 1 259
3 1 1 912
1 1 1 17
2 1 1 75
1 1 1 585
3 1 1 744
3 1 1 306
2 1 1 414
1 1 1 12
3 1 1 263
3 1 1 964
3 1 1 607
3 1 1 398
1 1 1 506
3 1 1 901
3 1 1 30
2 1 1 435
2 1 1 993
1 1 1 529
3 1 1 534
2 1 1 771
2 1 1 923
3 1 1 22
1 1 1 663
2 1 1 882
3 1 1 700
1 1 1 207
3 1 1 834
2 1 1 868
3 1 1 41
1 1 1 333
1 1 1 144
2 1 1 409
1 1 1 452
2 1 1 585
3 1 1 116
3 1 1 67
2 1 1 95
3 1 1 449
1 1 1 777
1 1 1 881
1 1 1 424
3 1 1 837
2 1 1 798
1 1 1 123
3 1 1 324
1 1 1 730
1 1 1 528
3 1 1 618
1 1 1 913
2 1 1 184
1 1 1 257
3 1 1 492
3 1 1 423
3 1 1 513
1 1 1 34
3 1 1 607
3 1 1 523
2 1 1 813
2 1 1 321
1 1 1 939
3 1 1 464
3 1 1 729
1 1 1 945
1 1 1 568
3 1 1 367
3 1 1 782
3 1 1 479
3 1 1 918
1 1 1 897
1 1 1 39
1 1 1 321
3 1 1 512
1 1 1 442
3 1 1 64
3 1 1 364
3 1 1 910
2 1 1 921
1 1 1 745
3 1 1 160
1 1 1 164
1 1 1 249
2 1 1 424
2 1 1 580
3 1 1 473
2 1 1 775
3 1 1 321
3 1 1 636
1 1 1 154
1 1 1 990
1 1 1 427
1 1 1 310
3 1 1 478
1 1 1 775
3 1 1 515
3 1 1 973
1 1 1 824
2 1 1 990
3 1 1 835
2 1 1 939
1 1 1 36
3 1 1 851
3 1 1 849
2 1 1 754
1 1 1 356
3 1 1 804
1 1 1 217
3 1 1 720
2 1 1 270
1 1 1 102
3 1 1 424
1 1 1 946
1 1 1 8
3 1 1 279
2 1 1 306
1 1 1 574
3 1 1 417
3 1 1 132
1 1 1 69
1 1 1 383
3 1 1 747
1 1 1 104
3 1 1 71
1 1 1 159
3 1 1 444
3 1 1 707
3 1 1 122
1 1 1 297
2 1 1 154
1 1 1 254
3 1 1 460
3 1 1 385
3 1 1 995
2 1 1 354
1 1 1 603
3 1 1 595
3 1 1 631
1 1 1 269
1 1 1 338
3 1 1 844
2 1 1 516
1 1 1 759
3 1 1 541
3 1 1 331
3 1 1 54
3 1 1 133
1 1 1 785
1 1 1 924
2 1 1 297
3 1 1 433
3 1 1 601
1 1 1 115
3 1 1 710
1 1 1 446
1 1 1 916
1 1 1 617
1 1 1 4
1 1 1 458
3 1 1 186
2 1 1 366
1 1 1 829
3 1 1 368
3 1 1 883
2 1 1 978
1 1 1 685
3 1 1 111
1 1 1 494
2 1 1 881
1 1 1 404
3 1 1 141
1 1 1 232
1 1 1 433
3 1 1 964
3 1 1 433
1 1 1 581
3 1 1 436
3 1 1 246
3 1 1 108
2 1 1 892
1 1 1 658
1 1 1 985
3 1 1 527
1 1 1 379
3 1 1 737
3 1 1 566
3 1 1 337
1 1 1 180
1 1 1 597
3 1 1 942
3 1 1 631
3 1 1 111
2 1 1 617
3 1 1 530
3 1 1 517
2 1 1 269
1 1 1 212
2 1 1 333
1 1 1 978
2 1 1 322
3 1 1 350
1 1 1 363
2 1 1 82
1 1 1 317
1 1 1 793
2 1 1 861
1 1 1 837
1 1 1 367
1 1 1 641
1 1 1 961
3 1 1 786
1 1 1 304
3 1 1 374
3 1 1 104
1 1 1 925
2 1 1 34
1 1 1 91
1 1 1 564
2 1 1 244
1 1 1 723
1 1 1 823
2 1 1 932
2 1 1 120
3 1 1 831
3 1 1 522
1 1 1 290
1 1 1 68
2 1 1 116
1 1 1 527
1 1 1 570
1 1 1 560
1 1 1 283
1 1 1 491
2 1 1 725
1 1 1 632
1 1 1 672
3 1 1 485
1 1 1 670
1 1 1 806
1 1 1 468
2 1 1 759
1 1 1 449
3 1 1 632
3 1 1 911
1 1 1 117
1 1 1 171
3 1 1 229
1 1 1 873
2 1 1 897
1 1 1 930
3 1 1 986
2 1 1 253
3 1 1 493
3 1 1 436
3 1 1 762
2 1 1 793
1 1 1 222
3 1 1 785
1 1 1 97
2 1 1 624
3 1 1 421
1 1 1 37
2 1 1 249
1 1 1 366
3 1 1 399
3 1 1 621
3 1 1 589
1 1 1 58
1 1 1 412
3 1 1 202
3 1 1 482
1 1 1 314
1 1 1 423
3 1 1 551
3 1 1 409
1 1 1 377
1 1 1 815
1 1 1 999
1 1 1 389
1 1 1 198
2 1 1 594
3 1 1 336
3 1 1 289
1 1 1 428
2 1 1 925
2 1 1 234
3 1 1 324
2 1 1 508
3 1 1 550
1 1 1 956
1 1 1 177
3 1 1 503
2 1 1 920
2 1 1 207
1 1 1 353
1 1 1 874
3 1 1 789
3 1 1 850
1 1 1 928
2 1 1 840
3 1 1 592
2 1 1 91
3 1 1 816
2 1 1 41
2 1 1 799
1 1 1 547
3 1 1 548
3 1 1 149
3 1 1 59
2 1 1 769
1 1 1 126
1 1 1 174
3 1 1 372
1 1 1 495
3 1 1 576
1 1 1 765
1 1 1 381
2 1 1 338
3 1 1 260
3 1 1 819
3 1 1 132
2 1 1 8
1 1 1 944
2 1 1 785
3 1 1 290
1 1 1 183
1 1 1 325
1 1 1 894
3 1 1 25
1 1 1 265
2 1 1 632
3 1 1 977
1 1 1 565
1 1 1 109
2 1 1 356
2 1 1 741
3 1 1 275
1 1 1 121
1 1 1 434
1 1 1 51
3 1 1 530
2 1 1 310
2 1 1 217
3 1 1 972
2 1 1 777
2 1 1 443
3 1 1 384
2 1 1 321
2 1 1 51
1 1 1 73
3 1 1 72
3 1 1 391
3 1 1 702
