5000
1 86156 40321 75
1 86156 40321 16
3 86156 40321 95
3 86156 40321 13
1 86156 40321 66
2 86156 40321 66
3 86156 40321 57
1 86156 40321 46
2 86156 40321 75
1 86156 40321 84
1 86156 40321 31
1 86156 40321 56
1 86156 40321 24
3 86156 40321 75
3 86156 40321 31
3 86156 40321 75
1 86156 40321 66
3 86156 40321 29
3 86156 40321 7
1 86156 40321 15
1 86156 40321 11
3 86156 40321 15
3 86156 40321 50
3 86156 40321 80
3 86156 40321 79
2 86156 40321 84
1 86156 40321 72
3 86156 40321 99
2 86156 40321 11
3 86156 40321 62
2 86156 40321 66
1 86156 40321 29
1 86156 40321 27
1 86156 40321 36
2 86156 40321 27
1 86156 40321 19
2 86156 40321 56
1 86156 40321 93
1 86156 40321 44
3 86156 40321 94
1 86156 40321 22
1 86156 40321 66
3 86156 40321 81
1 86156 40321 63
3 86156 40321 28
2 86156 40321 93
3 86156 40321 3
3 86156 40321 89
3 86156 40321 87
1 86156 40321 41
1 86156 40321 58
3 86156 40321 77
2 86156 40321 66
2 86156 40321 29
3 86156 40321 57
1 86156 40321 89
1 86156 40321 53
3 86156 40321 63
3 86156 40321 10
1 86156 40321 93
1 86156 40321 35
3 86156 40321 43
1 86156 40321 39
1 86156 40321 77
1 86156 40321 45
1 86156 40321 66
3 86156 40321 27
2 86156 40321 15
2 86156 40321 41
1 86156 40321 76
1 86156 40321 91
1 86156 40321 82
1 86156 40321 12
1 86156 40321 3
3 86156 40321 56
3 86156 40321 29
3 86156 40321 29
3 86156 40321 92
3 86156 40321 88
3 86156 40321 3
3 86156 40321 26
3 86156 40321 68
2 86156 40321 3
3 86156 40321 72
3 86156 40321 91
2 86156 40321 44
2 86156 40321 19
1 86156 40321 90
2 86156 40321 77
3 86156 40321 51
2 86156 40321 36
2 86156 40321 31
2 86156 40321 72
3 86156 40321 50
3 86156 40321 9
2 86156 40321 16
3 86156 40321 99
3 86156 40321 44
1 86156 40321 18
2 86156 40321 24
3 86156 40321 14
1 86156 40321 25
3 86156 40321 58
2 86156 40321 93
2 86156 40321 90
2 86156 40321 25
1 86156 40321 84
1 86156 40321 9
3 86156 40321 43
1 86156 40321 5
1 86156 40321 40
3 86156 40321 24
1 86156 40321 17
3 86156 40321 87
2 86156 40321 45
1 86156 40321 86
2 86156 40321 18
1 86156 40321 47
1 86156 40321 92
1 86156 40321 88
1 86156 40321 4
1 86156 40321 98
3 86156 40321 12
2 86156 40321 76
1 86156 40321 1
3 86156 40321 27
1 86156 40321 65
3 86156 40321 17
1 86156 40321 62
3 86156 40321 34
3 86156 40321 16
1 86156 40321 16
1 86156 40321 80
3 86156 40321 17
3 86156 40321 1
2 86156 40321 16
2 86156 40321 89
3 86156 40321 18
3 86156 40321 58
3 86156 40321 50
1 86156 40321 96
2 86156 40321 63
2 86156 40321 65
1 86156 40321 74
2 86156 40321 66
2 86156 40321 39
1 86156 40321 68
1 86156 40321 27
3 86156 40321 84
3 86156 40321 85
3 86156 40321 35
2 86156 40321 53
1 86156 40321 63
1 86156 40321 23
1 86156 40321 48
1 86156 40321 60
3 86156 40321 14
1 86156 40321 43
1 86156 40321 18
3 86156 40321 94
2 86156 40321 86
2 86156 40321 46
3 86156 40321 31
2 86156 40321 17
1 86156 40321 17
3 86156 40321 95
2 86156 40321 62
2 86156 40321 98
3 86156 40321 64
3 86156 40321 54
1 86156 40321 46
1 86156 40321 51
3 86156 40321 77
3 86156 40321 5
1 86156 40321 70
1 86156 40321 56
1 86156 40321 16
1 86156 40321 75
1 86156 40321 54
3 86156 40321 32
2 86156 40321 22
1 86156 40321 59
3 86156 40321 54
1 86156 40321 50
1 86156 40321 81
1 86156 40321 55
3 86156 40321 25
1 86156 40321 73
3 86156 40321 85
3 86156 40321 2
1 86156 40321 20
2 86156 40321 5
1 86156 40321 38
1 86156 40321 15
3 86156 40321 39
2 86156 40321 56
2 86156 40321 75
1 86156 40321 62
3 86156 40321 55
3 86156 40321 55
2 86156 40321 4
1 86156 40321 76
1 86156 40321 31
3 86156 40321 71
1 86156 40321 57
2 86156 40321 73
2 86156 40321 76
3 86156 40321 90
3 86156 40321 88
2 86156 40321 1
1 86156 40321 22
3 86156 40321 83
3 86156 40321 73
3 86156 40321 6
2 86156 40321 18
3 86156 40321 2
1 86156 40321 90
3 86156 40321 20
1 86156 40321 26
2 86156 40321 47
2 86156 40321 81
1 86156 40321 10
1 86156 40321 28
1 86156 40321 7
1 86156 40321 52
2 86156 40321 43
3 86156 40321 74
3 86156 40321 25
1 86156 40321 41
3 86156 40321 97
2 86156 40321 12
1 86156 40321 78
3 86156 40321 54
2 86156 40321 52
3 86156 40321 74
3 86156 40321 59
3 86156 40321 91
1 86156 40321 67
2 86156 40321 9
2 86156 40321 51
3 86156 40321 42
3 86156 40321 8
3 86156 40321 82
1 86156 40321 97
2 86156 40321 46
1 86156 40321 36
3 86156 40321 36
2 86156 40321 27
3 86156 40321 49
1 86156 40321 9
3 86156 40321 91
2 86156 40321 60
3 86156 40321 33
2 86156 40321 16
3 86156 40321 24
1 86156 40321 42
1 86156 40321 19
1 86156 40321 64
3 86156 40321 75
2 86156 40321 28
2 86156 40321 20
2 86156 40321 84
3 86156 40321 11
1 86156 40321 87
2 86156 40321 41
2 86156 40321 67
1 86156 40321 21
3 86156 40321 90
3 86156 40321 31
3 86156 40321 69
3 86156 40321 29
3 86156 40321 18
1 86156 40321 79
3 86156 40321 43
3 86156 40321 68
1 86156 40321 53
2 86156 40321 82
1 86156 40321 46
3 86156 40321 30
3 86156 40321 89
1 86156 40321 56
1 86156 40321 65
2 86156 40321 62
2 86156 40321 50
1 86156 40321 93
3 86156 40321 82
1 86156 40321 41
1 86156 40321 47
1 86156 40321 77
3 86156 40321 55
2 86156 40321 65
3 86156 40321 91
1 86156 40321 83
2 86156 40321 7
3 86156 40321 52
3 86156 40321 12
3 86156 40321 52
2 86156 40321 77
1 86156 40321 89
3 86156 40321 28
2 86156 40321 88
2 86156 40321 63
1 86156 40321 7
3 86156 40321 100
3 86156 40321 18
1 86156 40321 11
3 86156 40321 8
3 86156 40321 47
2 86156 40321 92
1 86156 40321 50
3 86156 40321 8
3 86156 40321 36
3 86156 40321 75
1 86156 40321 20
2 86156 40321 46
3 86156 40321 21
1 86156 40321 13
2 86156 40321 10
3 86156 40321 79
1 86156 40321 71
1 86156 40321 84
3 86156 40321 29
1 86156 40321 3
1 86156 40321 5
3 86156 40321 22
1 86156 40321 33
1 86156 40321 52
2 86156 40321 70
1 86156 40321 16
3 86156 40321 43
2 86156 40321 59
3 86156 40321 82
1 86156 40321 29
1 86156 40321 59
3 86156 40321 100
1 86156 40321 63
3 86156 40321 23
3 86156 40321 26
1 86156 40321 85
1 86156 40321 73
3 86156 40321 62
3 86156 40321 80
2 86156 40321 33
1 86156 40321 49
3 86156 40321 37
1 86156 40321 60
3 86156 40321 17
1 86156 40321 77
1 86156 40321 70
3 86156 40321 56
1 86156 40321 65
1 86156 40321 28
3 86156 40321 83
3 86156 40321 4
3 86156 40321 14
1 86156 40321 99
1 86156 40321 34
1 86156 40321 30
1 86156 40321 32
2 86156 40321 28
3 86156 40321 56
3 86156 40321 27
3 86156 40321 59
3 86156 40321 65
1 86156 40321 81
3 86156 40321 10
3 86156 40321 81
3 86156 40321 91
1 86156 40321 1
3 86156 40321 35
3 86156 40321 74
3 86156 40321 7
3 86156 40321 80
3 86156 40321 55
3 86156 40321 66
1 86156 40321 82
1 86156 40321 46
3 86156 40321 90
1 86156 40321 86
2 86156 40321 30
1 86156 40321 37
1 86156 40321 51
3 86156 40321 31
1 86156 40321 28
1 86156 40321 92
1 86156 40321 75
1 86156 40321 14
1 86156 40321 24
2 86156 40321 36
1 86156 40321 44
2 86156 40321 21
2 86156 40321 49
3 86156 40321 66
1 86156 40321 12
1 86156 40321 98
3 86156 40321 45
3 86156 40321 50
1 86156 40321 36
3 86156 40321 77
3 86156 40321 26
3 86156 40321 65
2 86156 40321 42
1 86156 40321 100
3 86156 40321 77
1 86156 40321 72
1 86156 40321 62
2 86156 40321 50
2 86156 40321 92
3 86156 40321 41
1 86156 40321 95
1 86156 40321 6
1 86156 40321 27
2 86156 40321 37
3 86156 40321 36
2 86156 40321 75
3 86156 40321 68
1 86156 40321 45
3 86156 40321 17
3 86156 40321 25
1 86156 40321 39
2 86156 40321 11
1 86156 40321 43
3 86156 40321 92
1 86156 40321 75
1 86156 40321 69
1 86156 40321 4
3 86156 40321 54
1 86156 40321 50
1 86156 40321 42
3 86156 40321 8
3 86156 40321 22
1 86156 40321 92
1 86156 40321 67
1 86156 40321 2
3 86156 40321 58
1 86156 40321 30
3 86156 40321 42
1 86156 40321 61
3 86156 40321 41
1 86156 40321 66
2 86156 40321 59
3 86156 40321 4
3 86156 40321 32
1 86156 40321 76
1 86156 40321 21
3 86156 40321 89
3 86156 40321 83
1 86156 40321 18
2 86156 40321 77
3 86156 40321 67
3 86156 40321 67
3 86156 40321 36
1 86156 40321 8
2 86156 40321 43
3 86156 40321 21
3 86156 40321 75
1 86156 40321 49
3 86156 40321 66
3 86156 40321 5
3 86156 40321 46
3 86156 40321 15
3 86156 40321 70
1 86156 40321 43
3 86156 40321 68
1 86156 40321 59
1 86156 40321 33
1 86156 40321 11
3 86156 40321 2
1 86156 40321 25
1 86156 40321 77
1 86156 40321 94
2 86156 40321 71
1 86156 40321 88
1 86156 40321 10
2 86156 40321 13
3 86156 40321 48
2 86156 40321 60
2 86156 40321 28
1 86156 40321 13
2 86156 40321 19
1 86156 40321 37
2 86156 40321 21
3 86156 40321 40
1 86156 40321 28
1 86156 40321 19
3 86156 40321 98
3 86156 40321 14
3 86156 40321 46
1 86156 40321 21
1 86156 40321 60
3 86156 40321 34
3 86156 40321 23
3 86156 40321 50
3 86156 40321 72
3 86156 40321 44
3 86156 40321 53
3 86156 40321 79
3 86156 40321 4
1 86156 40321 71
3 86156 40321 1
3 86156 40321 67
3 86156 40321 46
2 86156 40321 14
2 86156 40321 68
1 86156 40321 68
1 86156 40321 14
3 86156 40321 62
3 86156 40321 56
3 86156 40321 53
2 86156 40321 58
2 86156 40321 32
3 86156 40321 89
1 86156 40321 58
1 86156 40321 32
2 86156 40321 92
1 86156 40321 92
3 86156 40321 88
3 86156 40321 34
3 86156 40321 54
3 86156 40321 81
2 86156 40321 71
3 86156 40321 95
1 86156 40321 71
3 86156 40321 66
2 86156 40321 85
1 86156 40321 85
3 86156 40321 11
3 86156 40321 35
3 86156 40321 33
3 86156 40321 54
3 86156 40321 84
3 86156 40321 52
3 86156 40321 59
3 86156 40321 85
3 86156 40321 8
3 86156 40321 81
2 86156 40321 53
3 86156 40321 31
1 86156 40321 53
2 86156 40321 20
2 86156 40321 95
1 86156 40321 20
3 86156 40321 57
3 86156 40321 75
1 86156 40321 95
3 86156 40321 85
3 86156 40321 78
2 86156 40321 66
3 86156 40321 11
2 86156 40321 58
3 86156 40321 16
3 86156 40321 76
3 86156 40321 60
3 86156 40321 79
3 86156 40321 50
2 86156 40321 86
1 86156 40321 66
1 86156 40321 86
2 86156 40321 2
1 86156 40321 58
3 86156 40321 21
2 86156 40321 35
1 86156 40321 35
3 86156 40321 84
1 86156 40321 2
2 86156 40321 41
1 86156 40321 41
3 86156 40321 55
3 86156 40321 67
3 86156 40321 52
3 86156 40321 64
3 86156 40321 41
3 86156 40321 81
3 86156 40321 34
3 86156 40321 24
3 86156 40321 70
2 86156 40321 83
1 86156 40321 83
2 86156 40321 68
1 86156 40321 68
3 86156 40321 60
3 86156 40321 58
3 86156 40321 35
2 86156 40321 55
3 86156 40321 32
1 86156 40321 55
3 86156 40321 42
3 86156 40321 80
3 86156 40321 55
3 86156 40321 7
3 86156 40321 20
2 86156 40321 82
3 86156 40321 48
1 86156 40321 82
3 86156 40321 81
2 86156 40321 60
2 86156 40321 31
1 86156 40321 60
3 86156 40321 17
3 86156 40321 45
3 86156 40321 40
1 86156 40321 31
3 86156 40321 3
3 86156 40321 69
3 86156 40321 47
3 86156 40321 58
3 86156 40321 13
3 86156 40321 54
3 86156 40321 49
3 86156 40321 45
3 86156 40321 66
3 86156 40321 56
2 86156 40321 30
1 86156 40321 30
3 86156 40321 21
3 86156 40321 18
3 86156 40321 96
3 86156 40321 16
2 86156 40321 10
1 86156 40321 10
2 86156 40321 1
3 86156 40321 69
3 86156 40321 60
3 86156 40321 96
2 86156 40321 82
2 86156 40321 97
3 86156 40321 91
2 86156 40321 15
1 86156 40321 97
3 86156 40321 30
1 86156 40321 82
3 86156 40321 75
2 86156 40321 76
1 86156 40321 15
1 86156 40321 76
3 86156 40321 37
1 86156 40321 1
2 86156 40321 43
1 86156 40321 43
2 86156 40321 35
3 86156 40321 56
1 86156 40321 35
2 86156 40321 44
1 86156 40321 44
3 86156 40321 82
3 86156 40321 65
3 86156 40321 31
3 86156 40321 74
3 86156 40321 32
3 86156 40321 14
3 86156 40321 31
3 86156 40321 34
3 86156 40321 80
3 86156 40321 98
2 86156 40321 83
1 86156 40321 83
3 86156 40321 38
2 86156 40321 68
1 86156 40321 68
2 86156 40321 1
1 86156 40321 1
3 86156 40321 21
3 86156 40321 82
3 86156 40321 90
3 86156 40321 85
2 86156 40321 87
2 86156 40321 2
3 86156 40321 75
2 86156 40321 71
2 86156 40321 27
3 86156 40321 21
2 86156 40321 23
1 86156 40321 23
1 86156 40321 87
2 86156 40321 34
1 86156 40321 71
2 86156 40321 56
1 86156 40321 56
3 86156 40321 93
3 86156 40321 89
2 86156 40321 39
1 86156 40321 34
1 86156 40321 39
2 86156 40321 64
3 86156 40321 67
3 86156 40321 24
3 86156 40321 63
3 86156 40321 4
2 86156 40321 30
3 86156 40321 49
3 86156 40321 61
1 86156 40321 64
3 86156 40321 97
1 86156 40321 2
2 86156 40321 80
1 86156 40321 80
3 86156 40321 93
1 86156 40321 30
1 86156 40321 27
2 86156 40321 62
1 86156 40321 62
3 86156 40321 1
3 86156 40321 54
3 86156 40321 86
3 86156 40321 15
3 86156 40321 5
3 86156 40321 26
2 86156 40321 62
1 86156 40321 62
3 86156 40321 99
3 86156 40321 67
3 86156 40321 49
3 86156 40321 83
3 86156 40321 31
2 86156 40321 76
3 86156 40321 9
3 86156 40321 73
2 86156 40321 5
1 86156 40321 76
3 86156 40321 6
1 86156 40321 5
2 86156 40321 30
3 86156 40321 49
1 86156 40321 30
2 86156 40321 82
3 86156 40321 51
3 86156 40321 98
1 86156 40321 82
3 86156 40321 33
3 86156 40321 78
3 86156 40321 50
2 86156 40321 85
1 86156 40321 85
3 86156 40321 10
3 86156 40321 25
3 86156 40321 81
3 86156 40321 70
3 86156 40321 54
3 86156 40321 95
3 86156 40321 6
3 86156 40321 17
2 86156 40321 74
1 86156 40321 74
3 86156 40321 50
3 86156 40321 94
3 86156 40321 81
2 86156 40321 92
3 86156 40321 38
1 86156 40321 92
2 86156 40321 93
1 86156 40321 93
3 86156 40321 3
3 86156 40321 54
2 86156 40321 5
2 86156 40321 29
1 86156 40321 29
2 86156 40321 89
2 86156 40321 58
2 86156 40321 49
3 86156 40321 63
1 86156 40321 58
1 86156 40321 5
3 86156 40321 65
3 86156 40321 39
1 86156 40321 49
1 86156 40321 89
3 86156 40321 22
2 86156 40321 77
1 86156 40321 77
3 86156 40321 12
3 86156 40321 26
2 86156 40321 58
1 86156 40321 58
2 86156 40321 47
1 86156 40321 47
3 86156 40321 24
2 86156 40321 7
3 86156 40321 70
3 86156 40321 14
2 86156 40321 5
3 86156 40321 24
3 86156 40321 11
3 86156 40321 72
1 86156 40321 7
3 86156 40321 85
1 86156 40321 5
3 86156 40321 21
2 86156 40321 48
3 86156 40321 42
1 86156 40321 48
3 86156 40321 22
3 86156 40321 6
3 86156 40321 48
3 86156 40321 1
3 86156 40321 37
2 86156 40321 45
3 86156 40321 46
2 86156 40321 17
3 86156 40321 49
3 86156 40321 65
1 86156 40321 17
1 86156 40321 45
3 86156 40321 87
2 86156 40321 57
3 86156 40321 20
2 86156 40321 78
1 86156 40321 78
1 86156 40321 57
3 86156 40321 92
3 86156 40321 8
3 86156 40321 13
3 86156 40321 8
3 86156 40321 90
3 86156 40321 38
3 86156 40321 36
3 86156 40321 71
3 86156 40321 16
2 86156 40321 37
1 86156 40321 37
3 86156 40321 7
2 86156 40321 99
3 86156 40321 66
2 86156 40321 53
3 86156 40321 4
2 86156 40321 7
3 86156 40321 97
1 86156 40321 7
1 86156 40321 99
3 86156 40321 38
1 86156 40321 53
3 86156 40321 84
3 86156 40321 88
3 86156 40321 52
3 86156 40321 48
3 86156 40321 46
3 86156 40321 10
2 86156 40321 41
3 86156 40321 69
1 86156 40321 41
3 86156 40321 86
2 86156 40321 60
1 86156 40321 60
2 86156 40321 45
2 86156 40321 89
2 86156 40321 43
3 86156 40321 25
2 86156 40321 58
2 86156 40321 10
2 86156 40321 100
2 86156 40321 50
1 86156 40321 100
1 86156 40321 45
3 86156 40321 38
2 86156 40321 11
3 86156 40321 10
2 86156 40321 83
2 86156 40321 2
1 86156 40321 58
3 86156 40321 96
1 86156 40321 89
1 86156 40321 11
1 86156 40321 50
2 86156 40321 80
1 86156 40321 80
3 86156 40321 48
1 86156 40321 83
2 86156 40321 21
3 86156 40321 26
3 86156 40321 1
1 86156 40321 10
1 86156 40321 21
3 86156 40321 83
1 86156 40321 43
2 86156 40321 57
1 86156 40321 2
2 86156 40321 12
1 86156 40321 12
1 86156 40321 57
3 86156 40321 81
2 86156 40321 76
3 86156 40321 35
1 86156 40321 76
3 86156 40321 98
3 86156 40321 26
3 86156 40321 85
3 86156 40321 25
3 86156 40321 70
3 86156 40321 44
3 86156 40321 100
3 86156 40321 24
3 86156 40321 84
3 86156 40321 12
3 86156 40321 54
3 86156 40321 82
3 86156 40321 87
3 86156 40321 20
3 86156 40321 21
3 86156 40321 41
3 86156 40321 17
3 86156 40321 77
2 86156 40321 47
2 86156 40321 35
3 86156 40321 63
1 86156 40321 47
1 86156 40321 35
3 86156 40321 44
3 86156 40321 91
2 86156 40321 1
1 86156 40321 1
3 86156 40321 98
3 86156 40321 99
3 86156 40321 58
3 86156 40321 5
3 86156 40321 62
2 86156 40321 56
3 86156 40321 84
1 86156 40321 56
3 86156 40321 12
3 86156 40321 4
3 86156 40321 99
3 86156 40321 29
2 86156 40321 75
1 86156 40321 75
3 86156 40321 47
3 86156 40321 20
3 86156 40321 13
3 86156 40321 52
2 86156 40321 55
2 86156 40321 72
1 86156 40321 72
3 86156 40321 74
2 86156 40321 63
2 86156 40321 12
3 86156 40321 42
1 86156 40321 12
2 86156 40321 67
3 86156 40321 15
1 86156 40321 63
1 86156 40321 55
3 86156 40321 67
1 86156 40321 67
3 86156 40321 57
3 86156 40321 41
3 86156 40321 86
3 86156 40321 50
3 86156 40321 80
3 86156 40321 59
2 86156 40321 11
1 86156 40321 11
3 86156 40321 71
3 86156 40321 16
2 86156 40321 5
1 86156 40321 5
3 86156 40321 57
2 86156 40321 69
2 86156 40321 93
2 86156 40321 62
1 86156 40321 93
1 86156 40321 69
2 86156 40321 50
3 86156 40321 92
1 86156 40321 62
2 86156 40321 24
3 86156 40321 7
3 86156 40321 8
1 86156 40321 24
3 86156 40321 71
3 86156 40321 39
3 86156 40321 100
3 86156 40321 96
3 86156 40321 50
3 86156 40321 84
1 86156 40321 50
3 86156 40321 94
3 86156 40321 17
2 86156 40321 50
1 86156 40321 50
3 86156 40321 98
3 86156 40321 27
3 86156 40321 38
3 86156 40321 70
3 86156 40321 56
3 86156 40321 75
3 86156 40321 88
3 86156 40321 23
2 86156 40321 95
1 86156 40321 95
3 86156 40321 16
3 86156 40321 56
3 86156 40321 43
3 86156 40321 75
3 86156 40321 96
3 86156 40321 17
2 86156 40321 74
1 86156 40321 74
3 86156 40321 49
2 86156 40321 52
1 86156 40321 52
2 86156 40321 79
1 86156 40321 79
3 86156 40321 64
3 86156 40321 37
3 86156 40321 34
3 86156 40321 17
3 86156 40321 33
3 86156 40321 66
3 86156 40321 38
3 86156 40321 61
3 86156 40321 99
3 86156 40321 44
3 86156 40321 33
3 86156 40321 18
3 86156 40321 79
3 86156 40321 13
3 86156 40321 3
3 86156 40321 36
2 86156 40321 2
1 86156 40321 2
3 86156 40321 39
3 86156 40321 63
2 86156 40321 98
1 86156 40321 98
3 86156 40321 94
3 86156 40321 16
3 86156 40321 99
2 86156 40321 61
3 86156 40321 52
3 86156 40321 59
1 86156 40321 61
3 86156 40321 47
3 86156 40321 61
3 86156 40321 19
3 86156 40321 4
3 86156 40321 8
3 86156 40321 27
3 86156 40321 86
3 86156 40321 85
3 86156 40321 88
3 86156 40321 50
2 86156 40321 67
1 86156 40321 67
2 86156 40321 2
1 86156 40321 2
3 86156 40321 92
3 86156 40321 29
2 86156 40321 69
1 86156 40321 69
3 86156 40321 61
3 86156 40321 26
3 86156 40321 69
3 86156 40321 21
3 86156 40321 87
3 86156 40321 2
3 86156 40321 77
3 86156 40321 79
3 86156 40321 2
3 86156 40321 20
3 86156 40321 34
3 86156 40321 17
3 86156 40321 92
2 86156 40321 53
3 86156 40321 73
1 86156 40321 53
3 86156 40321 15
3 86156 40321 51
3 86156 40321 95
3 86156 40321 88
3 86156 40321 52
3 86156 40321 76
3 86156 40321 50
3 86156 40321 92
3 86156 40321 66
2 86156 40321 12
3 86156 40321 16
3 86156 40321 42
3 86156 40321 10
3 86156 40321 5
3 86156 40321 8
3 86156 40321 59
1 86156 40321 12
3 86156 40321 71
2 86156 40321 14
1 86156 40321 14
3 86156 40321 9
3 86156 40321 23
3 86156 40321 58
2 86156 40321 32
1 86156 40321 32
2 86156 40321 34
3 86156 40321 44
1 86156 40321 34
3 86156 40321 22
3 86156 40321 39
3 86156 40321 22
3 86156 40321 65
3 86156 40321 67
3 86156 40321 39
3 86156 40321 65
3 86156 40321 78
2 86156 40321 20
1 86156 40321 20
3 86156 40321 5
3 86156 40321 1
3 86156 40321 84
3 86156 40321 3
3 86156 40321 56
2 86156 40321 32
2 86156 40321 12
3 86156 40321 32
3 86156 40321 51
1 86156 40321 12
2 86156 40321 71
2 86156 40321 28
3 86156 40321 28
1 86156 40321 71
3 86156 40321 16
1 86156 40321 28
1 86156 40321 32
3 86156 40321 26
3 86156 40321 25
3 86156 40321 71
3 86156 40321 37
3 86156 40321 45
3 86156 40321 81
3 86156 40321 59
3 86156 40321 64
2 86156 40321 15
1 86156 40321 15
3 86156 40321 12
3 86156 40321 21
3 86156 40321 30
3 86156 40321 54
3 86156 40321 29
3 86156 40321 19
3 86156 40321 42
2 86156 40321 52
3 86156 40321 14
1 86156 40321 52
2 86156 40321 86
1 86156 40321 86
2 86156 40321 61
3 86156 40321 65
2 86156 40321 47
3 86156 40321 80
2 86156 40321 76
3 86156 40321 13
3 86156 40321 48
3 86156 40321 19
3 86156 40321 57
1 86156 40321 76
1 86156 40321 47
2 86156 40321 38
3 86156 40321 77
2 86156 40321 32
2 86156 40321 10
3 86156 40321 69
1 86156 40321 38
1 86156 40321 61
1 86156 40321 10
3 86156 40321 79
2 86156 40321 9
3 86156 40321 16
2 86156 40321 91
3 86156 40321 11
1 86156 40321 91
3 86156 40321 1
3 86156 40321 24
3 86156 40321 7
2 86156 40321 81
3 86156 40321 25
3 86156 40321 25
2 86156 40321 98
3 86156 40321 47
3 86156 40321 34
3 86156 40321 66
3 86156 40321 6
3 86156 40321 85
1 86156 40321 9
3 86156 40321 74
2 86156 40321 93
1 86156 40321 98
2 86156 40321 70
1 86156 40321 70
1 86156 40321 81
2 86156 40321 40
1 86156 40321 93
1 86156 40321 32
3 86156 40321 13
3 86156 40321 37
3 86156 40321 98
1 86156 40321 40
2 86156 40321 28
2 86156 40321 91
2 86156 40321 74
1 86156 40321 74
3 86156 40321 68
3 86156 40321 94
2 86156 40321 30
1 86156 40321 28
3 86156 40321 16
1 86156 40321 30
1 86156 40321 91
3 86156 40321 48
3 86156 40321 4
3 86156 40321 65
3 86156 40321 85
3 86156 40321 67
3 86156 40321 12
2 86156 40321 83
1 86156 40321 83
3 86156 40321 75
3 86156 40321 59
3 86156 40321 6
3 86156 40321 57
3 86156 40321 58
3 86156 40321 30
3 86156 40321 53
3 86156 40321 82
2 86156 40321 31
3 86156 40321 38
1 86156 40321 31
3 86156 40321 56
3 86156 40321 92
3 86156 40321 78
3 86156 40321 61
3 86156 40321 33
3 86156 40321 77
3 86156 40321 56
3 86156 40321 97
3 86156 40321 51
3 86156 40321 39
3 86156 40321 33
3 86156 40321 17
3 86156 40321 45
3 86156 40321 21
3 86156 40321 1
3 86156 40321 82
3 86156 40321 65
3 86156 40321 11
3 86156 40321 82
3 86156 40321 69
3 86156 40321 77
3 86156 40321 86
3 86156 40321 74
3 86156 40321 47
3 86156 40321 70
3 86156 40321 38
3 86156 40321 90
3 86156 40321 36
3 86156 40321 75
3 86156 40321 48
3 86156 40321 39
3 86156 40321 16
3 86156 40321 92
3 86156 40321 49
3 86156 40321 42
2 86156 40321 89
1 86156 40321 89
2 86156 40321 99
1 86156 40321 99
3 86156 40321 8
3 86156 40321 31
3 86156 40321 82
2 86156 40321 52
1 86156 40321 52
2 86156 40321 94
1 86156 40321 94
3 86156 40321 37
3 86156 40321 99
3 86156 40321 94
3 86156 40321 27
3 86156 40321 15
3 86156 40321 63
3 86156 40321 70
3 86156 40321 23
3 86156 40321 57
3 86156 40321 13
2 86156 40321 32
3 86156 40321 36
3 86156 40321 3
2 86156 40321 64
3 86156 40321 45
3 86156 40321 4
1 86156 40321 64
2 86156 40321 93
3 86156 40321 46
3 86156 40321 68
2 86156 40321 77
3 86156 40321 24
1 86156 40321 77
1 86156 40321 93
3 86156 40321 29
3 86156 40321 27
3 86156 40321 7
1 86156 40321 32
3 86156 40321 16
2 86156 40321 30
3 86156 40321 99
1 86156 40321 30
3 86156 40321 28
3 86156 40321 77
3 86156 40321 46
3 86156 40321 15
3 86156 40321 86
3 86156 40321 5
3 86156 40321 95
3 86156 40321 95
3 86156 40321 40
2 86156 40321 49
2 86156 40321 20
3 86156 40321 48
3 86156 40321 71
3 86156 40321 78
2 86156 40321 67
3 86156 40321 35
1 86156 40321 49
1 86156 40321 67
2 86156 40321 40
2 86156 40321 67
1 86156 40321 20
1 86156 40321 67
3 86156 40321 13
1 86156 40321 40
2 86156 40321 59
2 86156 40321 67
2 86156 40321 2
2 86156 40321 97
3 86156 40321 63
3 86156 40321 90
3 86156 40321 81
3 86156 40321 57
2 86156 40321 48
2 86156 40321 99
1 86156 40321 48
3 86156 40321 51
3 86156 40321 34
1 86156 40321 97
1 86156 40321 99
1 86156 40321 2
2 86156 40321 52
1 86156 40321 59
1 86156 40321 67
2 86156 40321 35
3 86156 40321 15
1 86156 40321 35
1 86156 40321 52
3 86156 40321 90
3 86156 40321 24
3 86156 40321 1
3 86156 40321 33
3 86156 40321 31
3 86156 40321 39
3 86156 40321 67
3 86156 40321 26
3 86156 40321 33
3 86156 40321 90
3 86156 40321 55
2 86156 40321 20
1 86156 40321 20
3 86156 40321 58
3 86156 40321 87
3 86156 40321 55
3 86156 40321 70
3 86156 40321 89
3 86156 40321 85
2 86156 40321 26
1 86156 40321 26
3 86156 40321 15
3 86156 40321 14
3 86156 40321 10
3 86156 40321 27
2 86156 40321 96
3 86156 40321 47
3 86156 40321 97
3 86156 40321 31
2 86156 40321 19
3 86156 40321 36
2 86156 40321 1
1 86156 40321 1
2 86156 40321 48
3 86156 40321 80
3 86156 40321 30
3 86156 40321 46
3 86156 40321 86
3 86156 40321 61
2 86156 40321 24
2 86156 40321 51
2 86156 40321 43
3 86156 40321 62
1 86156 40321 48
1 86156 40321 19
2 86156 40321 23
1 86156 40321 51
3 86156 40321 100
3 86156 40321 85
3 86156 40321 26
1 86156 40321 24
1 86156 40321 23
1 86156 40321 96
3 86156 40321 6
1 86156 40321 43
3 86156 40321 51
3 86156 40321 74
2 86156 40321 74
1 86156 40321 74
2 86156 40321 36
3 86156 40321 39
1 86156 40321 36
3 86156 40321 76
3 86156 40321 84
2 86156 40321 99
1 86156 40321 99
3 86156 40321 85
3 86156 40321 4
3 86156 40321 93
3 86156 40321 97
3 86156 40321 81
3 86156 40321 64
3 86156 40321 47
2 86156 40321 93
1 86156 40321 93
3 86156 40321 36
3 86156 40321 79
3 86156 40321 37
3 86156 40321 43
3 86156 40321 39
3 86156 40321 36
3 86156 40321 69
3 86156 40321 51
3 86156 40321 74
3 86156 40321 29
3 86156 40321 28
2 86156 40321 46
3 86156 40321 95
1 86156 40321 46
3 86156 40321 58
3 86156 40321 22
3 86156 40321 16
3 86156 40321 25
3 86156 40321 90
2 86156 40321 5
1 86156 40321 5
3 86156 40321 7
3 86156 40321 8
2 86156 40321 56
2 86156 40321 12
1 86156 40321 56
2 86156 40321 63
3 86156 40321 6
1 86156 40321 63
3 86156 40321 86
3 86156 40321 43
1 86156 40321 12
3 86156 40321 45
3 86156 40321 2
3 86156 40321 67
3 86156 40321 45
3 86156 40321 58
3 86156 40321 68
3 86156 40321 16
3 86156 40321 36
3 86156 40321 67
3 86156 40321 26
3 86156 40321 59
2 86156 40321 26
3 86156 40321 37
3 86156 40321 62
1 86156 40321 26
3 86156 40321 58
3 86156 40321 87
2 86156 40321 18
1 86156 40321 18
3 86156 40321 65
3 86156 40321 35
3 86156 40321 68
3 86156 40321 50
2 86156 40321 11
1 86156 40321 11
2 86156 40321 3
3 86156 40321 99
2 86156 40321 68
1 86156 40321 68
3 86156 40321 28
3 86156 40321 17
2 86156 40321 46
1 86156 40321 46
3 86156 40321 45
3 86156 40321 64
3 86156 40321 71
1 86156 40321 3
3 86156 40321 35
2 86156 40321 53
1 86156 40321 53
3 86156 40321 52
3 86156 40321 49
3 86156 40321 46
3 86156 40321 12
2 86156 40321 46
2 86156 40321 65
2 86156 40321 77
2 86156 40321 43
1 86156 40321 77
1 86156 40321 43
2 86156 40321 20
2 86156 40321 67
1 86156 40321 67
2 86156 40321 95
3 86156 40321 97
3 86156 40321 3
1 86156 40321 20
3 86156 40321 35
1 86156 40321 65
3 86156 40321 2
1 86156 40321 46
1 86156 40321 95
3 86156 40321 93
3 86156 40321 29
3 86156 40321 64
3 86156 40321 42
3 86156 40321 48
2 86156 40321 78
1 86156 40321 78
3 86156 40321 24
3 86156 40321 20
3 86156 40321 25
3 86156 40321 32
3 86156 40321 38
2 86156 40321 44
3 86156 40321 31
3 86156 40321 90
1 86156 40321 44
3 86156 40321 29
3 86156 40321 47
2 86156 40321 2
1 86156 40321 2
3 86156 40321 50
3 86156 40321 4
3 86156 40321 61
2 86156 40321 45
3 86156 40321 50
3 86156 40321 26
3 86156 40321 85
1 86156 40321 45
3 86156 40321 55
3 86156 40321 29
2 86156 40321 41
3 86156 40321 38
3 86156 40321 89
3 86156 40321 12
3 86156 40321 64
2 86156 40321 83
1 86156 40321 41
1 86156 40321 83
2 86156 40321 11
3 86156 40321 95
3 86156 40321 16
2 86156 40321 34
1 86156 40321 34
3 86156 40321 36
3 86156 40321 18
3 86156 40321 52
3 86156 40321 19
3 86156 40321 98
2 86156 40321 25
1 86156 40321 25
3 86156 40321 69
1 86156 40321 11
3 86156 40321 79
3 86156 40321 45
3 86156 40321 65
2 86156 40321 89
2 86156 40321 24
1 86156 40321 24
2 86156 40321 5
1 86156 40321 5
1 86156 40321 89
2 86156 40321 47
1 86156 40321 47
2 86156 40321 19
3 86156 40321 72
2 86156 40321 12
1 86156 40321 12
2 86156 40321 31
3 86156 40321 44
2 86156 40321 46
2 86156 40321 16
1 86156 40321 16
2 86156 40321 55
1 86156 40321 19
3 86156 40321 45
1 86156 40321 55
1 86156 40321 31
1 86156 40321 46
3 86156 40321 38
3 86156 40321 98
3 86156 40321 60
3 86156 40321 13
3 86156 40321 56
3 86156 40321 74
3 86156 40321 43
3 86156 40321 83
3 86156 40321 93
2 86156 40321 26
3 86156 40321 46
2 86156 40321 74
2 86156 40321 77
1 86156 40321 74
1 86156 40321 77
3 86156 40321 61
1 86156 40321 26
3 86156 40321 82
3 86156 40321 70
2 86156 40321 57
2 86156 40321 23
1 86156 40321 23
1 86156 40321 57
2 86156 40321 45
1 86156 40321 45
3 86156 40321 44
2 86156 40321 36
2 86156 40321 71
1 86156 40321 71
3 86156 40321 93
3 86156 40321 18
3 86156 40321 56
1 86156 40321 36
3 86156 40321 95
3 86156 40321 12
3 86156 40321 41
3 86156 40321 24
3 86156 40321 46
3 86156 40321 32
3 86156 40321 4
3 86156 40321 13
3 86156 40321 91
3 86156 40321 11
3 86156 40321 84
3 86156 40321 11
2 86156 40321 45
1 86156 40321 45
2 86156 40321 100
1 86156 40321 100
2 86156 40321 63
3 86156 40321 45
3 86156 40321 36
1 86156 40321 63
3 86156 40321 64
3 86156 40321 36
3 86156 40321 16
3 86156 40321 66
3 86156 40321 61
3 86156 40321 75
2 86156 40321 55
1 86156 40321 55
3 86156 40321 63
3 86156 40321 54
3 86156 40321 94
3 86156 40321 92
3 86156 40321 21
3 86156 40321 8
2 86156 40321 94
1 86156 40321 94
3 86156 40321 17
3 86156 40321 13
3 86156 40321 73
3 86156 40321 78
3 86156 40321 7
3 86156 40321 98
3 86156 40321 55
3 86156 40321 58
2 86156 40321 23
1 86156 40321 23
3 86156 40321 73
3 86156 40321 97
3 86156 40321 11
2 86156 40321 7
1 86156 40321 7
3 86156 40321 58
3 86156 40321 66
3 86156 40321 78
3 86156 40321 62
3 86156 40321 59
3 86156 40321 1
2 86156 40321 25
1 86156 40321 25
3 86156 40321 16
3 86156 40321 82
3 86156 40321 23
3 86156 40321 79
2 86156 40321 44
3 86156 40321 79
2 86156 40321 45
1 86156 40321 45
2 86156 40321 32
1 86156 40321 44
1 86156 40321 32
2 86156 40321 2
2 86156 40321 14
1 86156 40321 14
1 86156 40321 2
3 86156 40321 79
3 86156 40321 31
3 86156 40321 27
3 86156 40321 7
2 86156 40321 81
2 86156 40321 5
2 86156 40321 90
1 86156 40321 81
3 86156 40321 20
1 86156 40321 5
1 86156 40321 90
3 86156 40321 38
3 86156 40321 93
3 86156 40321 37
3 86156 40321 38
2 86156 40321 23
3 86156 40321 61
3 86156 40321 92
1 86156 40321 23
3 86156 40321 4
3 86156 40321 73
2 86156 40321 98
3 86156 40321 96
1 86156 40321 98
2 86156 40321 81
1 86156 40321 81
3 86156 40321 49
3 86156 40321 20
2 86156 40321 85
3 86156 40321 94
2 86156 40321 24
3 86156 40321 5
1 86156 40321 85
1 86156 40321 24
2 86156 40321 59
2 86156 40321 62
3 86156 40321 14
2 86156 40321 43
3 86156 40321 64
1 86156 40321 43
3 86156 40321 23
1 86156 40321 59
1 86156 40321 62
3 86156 40321 16
3 86156 40321 20
3 86156 40321 20
2 86156 40321 75
3 86156 40321 74
3 86156 40321 91
3 86156 40321 37
1 86156 40321 75
3 86156 40321 58
2 86156 40321 7
1 86156 40321 7
2 86156 40321 61
3 86156 40321 43
3 86156 40321 32
3 86156 40321 72
1 86156 40321 61
3 86156 40321 94
2 86156 40321 68
3 86156 40321 38
1 86156 40321 68
2 86156 40321 100
3 86156 40321 28
3 86156 40321 85
1 86156 40321 100
2 86156 40321 36
2 86156 40321 30
1 86156 40321 30
3 86156 40321 92
2 86156 40321 60
1 86156 40321 36
3 86156 40321 57
2 86156 40321 84
1 86156 40321 60
2 86156 40321 28
1 86156 40321 84
3 86156 40321 21
1 86156 40321 28
3 86156 40321 62
3 86156 40321 36
3 86156 40321 61
3 86156 40321 15
3 86156 40321 14
3 86156 40321 19
3 86156 40321 27
2 86156 40321 20
1 86156 40321 20
3 86156 40321 30
2 86156 40321 26
1 86156 40321 26
3 86156 40321 75
2 86156 40321 40
2 86156 40321 70
1 86156 40321 70
1 86156 40321 40
2 86156 40321 2
1 86156 40321 2
2 86156 40321 12
3 86156 40321 26
3 86156 40321 49
3 86156 40321 80
1 86156 40321 12
2 86156 40321 67
1 86156 40321 67
3 86156 40321 28
3 86156 40321 97
3 86156 40321 43
3 86156 40321 8
3 86156 40321 99
3 86156 40321 63
3 86156 40321 5
3 86156 40321 71
3 86156 40321 52
3 86156 40321 30
3 86156 40321 87
3 86156 40321 8
3 86156 40321 21
3 86156 40321 68
3 86156 40321 4
3 86156 40321 97
3 86156 40321 45
3 86156 40321 60
3 86156 40321 69
3 86156 40321 31
2 86156 40321 95
1 86156 40321 95
3 86156 40321 58
2 86156 40321 2
1 86156 40321 2
3 86156 40321 4
3 86156 40321 35
3 86156 40321 49
2 86156 40321 37
3 86156 40321 83
3 86156 40321 98
3 86156 40321 85
1 86156 40321 37
2 86156 40321 33
2 86156 40321 56
2 86156 40321 62
3 86156 40321 45
1 86156 40321 56
1 86156 40321 33
2 86156 40321 15
3 86156 40321 38
2 86156 40321 50
3 86156 40321 62
3 86156 40321 58
1 86156 40321 62
2 86156 40321 61
1 86156 40321 50
3 86156 40321 93
3 86156 40321 18
3 86156 40321 61
3 86156 40321 11
3 86156 40321 8
1 86156 40321 15
2 86156 40321 88
3 86156 40321 63
1 86156 40321 61
3 86156 40321 92
3 86156 40321 91
1 86156 40321 88
3 86156 40321 54
2 86156 40321 60
1 86156 40321 60
2 86156 40321 76
3 86156 40321 85
1 86156 40321 76
3 86156 40321 54
3 86156 40321 51
3 86156 40321 93
3 86156 40321 23
3 86156 40321 44
3 86156 40321 79
3 86156 40321 57
3 86156 40321 91
3 86156 40321 52
3 86156 40321 23
3 86156 40321 33
2 86156 40321 98
3 86156 40321 47
3 86156 40321 56
3 86156 40321 85
1 86156 40321 98
2 86156 40321 20
1 86156 40321 20
3 86156 40321 39
3 86156 40321 25
3 86156 40321 92
2 86156 40321 32
1 86156 40321 32
3 86156 40321 50
3 86156 40321 37
2 86156 40321 29
1 86156 40321 29
2 86156 40321 83
2 86156 40321 66
1 86156 40321 83
2 86156 40321 42
1 86156 40321 42
1 86156 40321 66
3 86156 40321 25
2 86156 40321 8
3 86156 40321 2
3 86156 40321 69
3 86156 40321 84
3 86156 40321 96
1 86156 40321 8
2 86156 40321 18
2 86156 40321 92
1 86156 40321 92
3 86156 40321 27
1 86156 40321 18
3 86156 40321 29
3 86156 40321 100
3 86156 40321 32
3 86156 40321 2
3 86156 40321 44
3 86156 40321 58
3 86156 40321 60
3 86156 40321 21
3 86156 40321 2
3 86156 40321 95
3 86156 40321 58
2 86156 40321 53
1 86156 40321 53
3 86156 40321 10
3 86156 40321 67
2 86156 40321 9
3 86156 40321 46
3 86156 40321 60
3 86156 40321 43
3 86156 40321 25
2 86156 40321 66
1 86156 40321 66
1 86156 40321 9
3 86156 40321 87
3 86156 40321 19
3 86156 40321 26
3 86156 40321 13
3 86156 40321 52
3 86156 40321 7
3 86156 40321 11
2 86156 40321 80
2 86156 40321 22
2 86156 40321 100
1 86156 40321 22
3 86156 40321 58
1 86156 40321 80
1 86156 40321 100
3 86156 40321 29
3 86156 40321 84
3 86156 40321 57
3 86156 40321 76
3 86156 40321 95
2 86156 40321 26
1 86156 40321 26
2 86156 40321 25
1 86156 40321 25
2 86156 40321 79
2 86156 40321 93
1 86156 40321 79
3 86156 40321 94
3 86156 40321 82
3 86156 40321 11
1 86156 40321 93
2 86156 40321 54
3 86156 40321 86
1 86156 40321 54
3 86156 40321 75
3 86156 40321 66
3 86156 40321 99
3 86156 40321 51
3 86156 40321 22
3 86156 40321 48
3 86156 40321 18
3 86156 40321 35
3 86156 40321 26
2 86156 40321 54
3 86156 40321 76
3 86156 40321 53
3 86156 40321 68
2 86156 40321 92
2 86156 40321 100
1 86156 40321 54
1 86156 40321 100
3 86156 40321 84
2 86156 40321 97
1 86156 40321 97
1 86156 40321 92
3 86156 40321 77
3 86156 40321 81
3 86156 40321 49
2 86156 40321 98
1 86156 40321 98
2 86156 40321 64
3 86156 40321 19
2 86156 40321 43
3 86156 40321 88
2 86156 40321 2
2 86156 40321 17
1 86156 40321 64
1 86156 40321 17
3 86156 40321 57
1 86156 40321 43
3 86156 40321 84
1 86156 40321 2
3 86156 40321 75
3 86156 40321 70
3 86156 40321 50
3 86156 40321 83
3 86156 40321 34
3 86156 40321 55
3 86156 40321 22
2 86156 40321 58
3 86156 40321 89
1 86156 40321 58
3 86156 40321 2
3 86156 40321 51
2 86156 40321 56
3 86156 40321 63
2 86156 40321 49
1 86156 40321 56
1 86156 40321 49
3 86156 40321 20
3 86156 40321 13
3 86156 40321 55
3 86156 40321 73
3 86156 40321 66
3 86156 40321 84
2 86156 40321 74
1 86156 40321 74
3 86156 40321 29
2 86156 40321 44
3 86156 40321 73
3 86156 40321 68
3 86156 40321 57
1 86156 40321 44
3 86156 40321 70
3 86156 40321 2
2 86156 40321 74
1 86156 40321 74
2 86156 40321 48
1 86156 40321 48
2 86156 40321 60
1 86156 40321 60
3 86156 40321 71
2 86156 40321 71
3 86156 40321 91
1 86156 40321 71
3 86156 40321 87
3 86156 40321 90
3 86156 40321 52
3 86156 40321 92
3 86156 40321 11
3 86156 40321 80
3 86156 40321 89
3 86156 40321 37
2 86156 40321 74
3 86156 40321 3
3 86156 40321 50
3 86156 40321 96
2 86156 40321 96
2 86156 40321 100
2 86156 40321 57
3 86156 40321 18
3 86156 40321 94
2 86156 40321 76
1 86156 40321 76
1 86156 40321 57
3 86156 40321 93
3 86156 40321 49
3 86156 40321 1
1 86156 40321 100
2 86156 40321 31
1 86156 40321 74
1 86156 40321 31
3 86156 40321 88
1 86156 40321 96
3 86156 40321 40
3 86156 40321 63
3 86156 40321 27
3 86156 40321 100
3 86156 40321 94
3 86156 40321 50
2 86156 40321 71
1 86156 40321 71
2 86156 40321 77
1 86156 40321 77
3 86156 40321 33
3 86156 40321 91
2 86156 40321 55
2 86156 40321 59
3 86156 40321 34
1 86156 40321 59
1 86156 40321 55
3 86156 40321 64
3 86156 40321 30
3 86156 40321 48
3 86156 40321 17
2 86156 40321 86
1 86156 40321 86
3 86156 40321 5
3 86156 40321 81
3 86156 40321 51
3 86156 40321 40
2 86156 40321 48
3 86156 40321 6
2 86156 40321 100
2 86156 40321 37
2 86156 40321 80
3 86156 40321 16
1 86156 40321 37
3 86156 40321 23
1 86156 40321 48
1 86156 40321 100
3 86156 40321 57
1 86156 40321 80
3 86156 40321 90
3 86156 40321 29
3 86156 40321 99
3 86156 40321 77
2 86156 40321 33
1 86156 40321 33
3 86156 40321 35
3 86156 40321 46
3 86156 40321 68
3 86156 40321 73
3 86156 40321 11
3 86156 40321 40
3 86156 40321 97
3 86156 40321 72
3 86156 40321 16
3 86156 40321 61
3 86156 40321 27
3 86156 40321 98
3 86156 40321 28
3 86156 40321 25
3 86156 40321 44
3 86156 40321 85
3 86156 40321 63
3 86156 40321 20
3 86156 40321 21
3 86156 40321 32
3 86156 40321 99
3 86156 40321 26
3 86156 40321 70
3 86156 40321 52
2 86156 40321 86
1 86156 40321 86
3 86156 40321 11
3 86156 40321 65
3 86156 40321 80
3 86156 40321 100
3 86156 40321 84
3 86156 40321 43
3 86156 40321 33
3 86156 40321 63
3 86156 40321 65
3 86156 40321 6
3 86156 40321 4
3 86156 40321 7
3 86156 40321 78
3 86156 40321 32
3 86156 40321 20
3 86156 40321 53
3 86156 40321 93
3 86156 40321 45
3 86156 40321 42
2 86156 40321 44
1 86156 40321 44
3 86156 40321 32
3 86156 40321 13
3 86156 40321 27
3 86156 40321 34
3 86156 40321 58
3 86156 40321 20
3 86156 40321 96
3 86156 40321 19
3 86156 40321 58
2 86156 40321 53
1 86156 40321 53
3 86156 40321 66
3 86156 40321 66
3 86156 40321 90
3 86156 40321 45
3 86156 40321 69
3 86156 40321 66
3 86156 40321 73
3 86156 40321 40
2 86156 40321 61
1 86156 40321 61
3 86156 40321 50
3 86156 40321 47
3 86156 40321 12
3 86156 40321 18
3 86156 40321 4
3 86156 40321 20
2 86156 40321 98
1 86156 40321 98
3 86156 40321 36
2 86156 40321 1
1 86156 40321 1
3 86156 40321 56
3 86156 40321 40
3 86156 40321 12
2 86156 40321 9
1 86156 40321 9
2 86156 40321 20
1 86156 40321 20
3 86156 40321 63
3 86156 40321 37
2 86156 40321 28
1 86156 40321 28
3 86156 40321 19
3 86156 40321 80
2 86156 40321 16
2 86156 40321 13
3 86156 40321 2
2 86156 40321 84
3 86156 40321 57
1 86156 40321 84
2 86156 40321 49
3 86156 40321 57
2 86156 40321 30
2 86156 40321 74
1 86156 40321 74
2 86156 40321 36
2 86156 40321 21
3 86156 40321 78
2 86156 40321 19
3 86156 40321 43
3 86156 40321 8
3 86156 40321 45
2 86156 40321 18
1 86156 40321 19
2 86156 40321 62
3 86156 40321 78
3 86156 40321 19
2 86156 40321 51
2 86156 40321 65
1 86156 40321 65
1 86156 40321 49
2 86156 40321 58
1 86156 40321 21
1 86156 40321 18
1 86156 40321 58
2 86156 40321 44
1 86156 40321 13
1 86156 40321 36
1 86156 40321 62
3 86156 40321 50
3 86156 40321 84
1 86156 40321 16
1 86156 40321 30
3 86156 40321 62
2 86156 40321 5
1 86156 40321 51
2 86156 40321 37
1 86156 40321 44
1 86156 40321 5
2 86156 40321 85
2 86156 40321 77
1 86156 40321 85
1 86156 40321 77
2 86156 40321 76
1 86156 40321 37
3 86156 40321 6
3 86156 40321 12
1 86156 40321 76
2 86156 40321 57
1 86156 40321 57
3 86156 40321 81
3 86156 40321 69
3 86156 40321 4
3 86156 40321 58
3 86156 40321 8
3 86156 40321 73
2 86156 40321 15
1 86156 40321 15
3 86156 40321 38
3 86156 40321 38
3 86156 40321 61
3 86156 40321 9
3 86156 40321 82
3 86156 40321 21
2 86156 40321 71
3 86156 40321 43
1 86156 40321 71
3 86156 40321 43
3 86156 40321 73
3 86156 40321 38
3 86156 40321 7
3 86156 40321 4
2 86156 40321 88
2 86156 40321 28
3 86156 40321 94
1 86156 40321 28
1 86156 40321 88
3 86156 40321 76
3 86156 40321 18
3 86156 40321 21
3 86156 40321 41
3 86156 40321 69
3 86156 40321 89
3 86156 40321 49
3 86156 40321 28
3 86156 40321 42
3 86156 40321 32
3 86156 40321 7
3 86156 40321 32
3 86156 40321 5
3 86156 40321 64
2 86156 40321 5
1 86156 40321 5
3 86156 40321 38
3 86156 40321 95
3 86156 40321 36
3 86156 40321 74
2 86156 40321 40
2 86156 40321 86
3 86156 40321 30
1 86156 40321 86
1 86156 40321 40
3 86156 40321 76
3 86156 40321 36
2 86156 40321 7
3 86156 40321 42
2 86156 40321 38
1 86156 40321 7
1 86156 40321 38
3 86156 40321 97
3 86156 40321 81
3 86156 40321 38
3 86156 40321 24
3 86156 40321 7
3 86156 40321 77
2 86156 40321 79
2 86156 40321 43
1 86156 40321 43
1 86156 40321 79
2 86156 40321 26
3 86156 40321 93
2 86156 40321 25
2 86156 40321 20
3 86156 40321 66
1 86156 40321 25
1 86156 40321 26
1 86156 40321 20
3 86156 40321 31
3 86156 40321 67
3 86156 40321 7
3 86156 40321 31
3 86156 40321 19
3 86156 40321 28
3 86156 40321 90
2 86156 40321 25
1 86156 40321 25
3 86156 40321 54
2 86156 40321 3
2 86156 40321 2
1 86156 40321 2
2 86156 40321 57
2 86156 40321 11
3 86156 40321 99
3 86156 40321 26
3 86156 40321 17
3 86156 40321 85
1 86156 40321 57
1 86156 40321 11
1 86156 40321 3
2 86156 40321 72
3 86156 40321 98
1 86156 40321 72
2 86156 40321 32
3 86156 40321 93
1 86156 40321 32
3 86156 40321 85
3 86156 40321 31
2 86156 40321 65
2 86156 40321 86
1 86156 40321 65
3 86156 40321 98
1 86156 40321 86
3 86156 40321 82
3 86156 40321 51
3 86156 40321 41
3 86156 40321 24
3 86156 40321 42
3 86156 40321 67
2 86156 40321 71
3 86156 40321 72
2 86156 40321 21
3 86156 40321 75
2 86156 40321 15
1 86156 40321 21
1 86156 40321 15
1 86156 40321 71
2 86156 40321 47
2 86156 40321 15
3 86156 40321 77
1 86156 40321 15
3 86156 40321 8
2 86156 40321 14
3 86156 40321 50
2 86156 40321 12
1 86156 40321 14
1 86156 40321 12
2 86156 40321 76
2 86156 40321 62
3 86156 40321 28
2 86156 40321 28
1 86156 40321 62
3 86156 40321 46
3 86156 40321 11
1 86156 40321 76
1 86156 40321 28
1 86156 40321 47
3 86156 40321 85
3 86156 40321 8
3 86156 40321 17
3 86156 40321 96
2 86156 40321 78
1 86156 40321 78
3 86156 40321 15
3 86156 40321 82
3 86156 40321 26
2 86156 40321 81
1 86156 40321 81
3 86156 40321 91
2 86156 40321 84
1 86156 40321 84
3 86156 40321 50
3 86156 40321 46
2 86156 40321 64
1 86156 40321 64
2 86156 40321 30
2 86156 40321 66
3 86156 40321 71
3 86156 40321 91
2 86156 40321 51
1 86156 40321 66
1 86156 40321 30
3 86156 40321 76
3 86156 40321 9
2 86156 40321 21
3 86156 40321 96
1 86156 40321 51
3 86156 40321 41
3 86156 40321 18
1 86156 40321 21
2 86156 40321 27
1 86156 40321 27
3 86156 40321 13
3 86156 40321 42
3 86156 40321 91
2 86156 40321 67
3 86156 40321 95
2 86156 40321 43
3 86156 40321 56
1 86156 40321 67
3 86156 40321 25
3 86156 40321 48
1 86156 40321 43
2 86156 40321 14
1 86156 40321 14
2 86156 40321 29
1 86156 40321 29
2 86156 40321 41
1 86156 40321 41
3 86156 40321 83
2 86156 40321 82
2 86156 40321 49
1 86156 40321 49
1 86156 40321 82
2 86156 40321 19
1 86156 40321 19
3 86156 40321 58
3 86156 40321 5
3 86156 40321 36
3 86156 40321 27
3 86156 40321 31
2 86156 40321 2
2 86156 40321 40
1 86156 40321 40
2 86156 40321 78
3 86156 40321 42
3 86156 40321 69
3 86156 40321 81
3 86156 40321 78
3 86156 40321 70
1 86156 40321 2
3 86156 40321 31
1 86156 40321 78
3 86156 40321 70
3 86156 40321 58
3 86156 40321 31
2 86156 40321 97
2 86156 40321 48
1 86156 40321 48
3 86156 40321 82
3 86156 40321 5
3 86156 40321 81
2 86156 40321 88
3 86156 40321 5
3 86156 40321 8
2 86156 40321 76
2 86156 40321 87
1 86156 40321 87
1 86156 40321 76
3 86156 40321 55
3 86156 40321 41
1 86156 40321 97
2 86156 40321 50
3 86156 40321 44
1 86156 40321 88
1 86156 40321 50
3 86156 40321 10
3 86156 40321 73
3 86156 40321 22
2 86156 40321 31
3 86156 40321 22
3 86156 40321 100
1 86156 40321 31
3 86156 40321 54
2 86156 40321 81
3 86156 40321 40
1 86156 40321 81
3 86156 40321 91
3 86156 40321 11
3 86156 40321 64
3 86156 40321 43
3 86156 40321 80
3 86156 40321 64
2 86156 40321 12
2 86156 40321 92
1 86156 40321 12
3 86156 40321 60
3 86156 40321 61
2 86156 40321 68
3 86156 40321 75
1 86156 40321 92
3 86156 40321 32
2 86156 40321 6
2 86156 40321 37
2 86156 40321 71
1 86156 40321 68
3 86156 40321 81
3 86156 40321 13
2 86156 40321 62
1 86156 40321 71
1 86156 40321 62
3 86156 40321 92
3 86156 40321 35
3 86156 40321 31
2 86156 40321 76
2 86156 40321 16
1 86156 40321 6
3 86156 40321 34
1 86156 40321 76
1 86156 40321 16
3 86156 40321 99
3 86156 40321 53
1 86156 40321 37
2 86156 40321 86
3 86156 40321 93
3 86156 40321 53
3 86156 40321 82
2 86156 40321 50
2 86156 40321 13
3 86156 40321 36
3 86156 40321 30
3 86156 40321 12
1 86156 40321 86
3 86156 40321 62
2 86156 40321 98
2 86156 40321 64
3 86156 40321 89
1 86156 40321 64
3 86156 40321 38
3 86156 40321 63
1 86156 40321 13
2 86156 40321 19
3 86156 40321 54
3 86156 40321 10
2 86156 40321 29
2 86156 40321 77
3 86156 40321 25
1 86156 40321 77
1 86156 40321 50
2 86156 40321 4
2 86156 40321 46
2 86156 40321 22
2 86156 40321 67
1 86156 40321 22
3 86156 40321 87
3 86156 40321 68
3 86156 40321 76
3 86156 40321 50
3 86156 40321 30
3 86156 40321 76
1 86156 40321 67
1 86156 40321 46
3 86156 40321 67
3 86156 40321 14
3 86156 40321 5
3 86156 40321 79
1 86156 40321 19
1 86156 40321 4
2 86156 40321 23
2 86156 40321 53
2 86156 40321 54
3 86156 40321 3
3 86156 40321 75
3 86156 40321 5
3 86156 40321 87
2 86156 40321 13
1 86156 40321 29
2 86156 40321 3
1 86156 40321 3
2 86156 40321 67
3 86156 40321 98
1 86156 40321 23
2 86156 40321 42
1 86156 40321 67
3 86156 40321 40
3 86156 40321 32
1 86156 40321 53
2 86156 40321 37
1 86156 40321 98
1 86156 40321 54
1 86156 40321 13
1 86156 40321 37
3 86156 40321 66
3 86156 40321 91
1 86156 40321 42
3 86156 40321 25
3 86156 40321 48
2 86156 40321 24
3 86156 40321 4
2 86156 40321 37
3 86156 40321 49
1 86156 40321 24
3 86156 40321 13
2 86156 40321 79
3 86156 40321 96
1 86156 40321 79
1 86156 40321 37
3 86156 40321 93
3 86156 40321 6
3 86156 40321 74
3 86156 40321 21
3 86156 40321 64
3 86156 40321 70
2 86156 40321 49
2 86156 40321 92
3 86156 40321 13
2 86156 40321 58
3 86156 40321 100
3 86156 40321 75
2 86156 40321 66
1 86156 40321 66
3 86156 40321 23
3 86156 40321 79
3 86156 40321 92
3 86156 40321 50
1 86156 40321 58
1 86156 40321 92
3 86156 40321 33
3 86156 40321 1
1 86156 40321 49
3 86156 40321 75
3 86156 40321 45
3 86156 40321 61
3 86156 40321 71
3 86156 40321 6
3 86156 40321 16
3 86156 40321 13
3 86156 40321 73
3 86156 40321 65
3 86156 40321 22
3 86156 40321 71
3 86156 40321 92
3 86156 40321 8
2 86156 40321 46
1 86156 40321 46
3 86156 40321 68
3 86156 40321 73
3 86156 40321 66
3 86156 40321 17
2 86156 40321 27
3 86156 40321 55
1 86156 40321 27
3 86156 40321 1
3 86156 40321 61
3 86156 40321 47
3 86156 40321 21
3 86156 40321 88
3 86156 40321 20
3 86156 40321 84
3 86156 40321 77
2 86156 40321 61
3 86156 40321 64
1 86156 40321 61
3 86156 40321 85
2 86156 40321 14
1 86156 40321 14
3 86156 40321 57
3 86156 40321 34
3 86156 40321 44
3 86156 40321 92
3 86156 40321 56
3 86156 40321 29
2 86156 40321 30
2 86156 40321 96
3 86156 40321 58
1 86156 40321 96
3 86156 40321 69
1 86156 40321 30
3 86156 40321 43
3 86156 40321 50
3 86156 40321 64
2 86156 40321 20
1 86156 40321 20
3 86156 40321 71
2 86156 40321 60
1 86156 40321 60
3 86156 40321 64
3 86156 40321 76
2 86156 40321 95
3 86156 40321 36
1 86156 40321 95
3 86156 40321 20
2 86156 40321 83
1 86156 40321 83
3 86156 40321 69
3 86156 40321 61
2 86156 40321 40
3 86156 40321 84
1 86156 40321 40
2 86156 40321 98
1 86156 40321 98
3 86156 40321 66
3 86156 40321 36
3 86156 40321 53
3 86156 40321 21
2 86156 40321 59
3 86156 40321 18
2 86156 40321 83
2 86156 40321 54
1 86156 40321 83
1 86156 40321 54
1 86156 40321 59
3 86156 40321 36
2 86156 40321 26
3 86156 40321 96
3 86156 40321 30
2 86156 40321 6
1 86156 40321 6
3 86156 40321 69
3 86156 40321 30
1 86156 40321 26
3 86156 40321 5
3 86156 40321 40
3 86156 40321 75
3 86156 40321 68
3 86156 40321 14
3 86156 40321 67
2 86156 40321 7
1 86156 40321 7
3 86156 40321 70
3 86156 40321 90
3 86156 40321 22
3 86156 40321 90
3 86156 40321 40
3 86156 40321 97
3 86156 40321 70
3 86156 40321 65
2 86156 40321 36
3 86156 40321 14
1 86156 40321 36
3 86156 40321 91
3 86156 40321 33
2 86156 40321 17
1 86156 40321 17
3 86156 40321 33
2 86156 40321 29
2 86156 40321 34
3 86156 40321 41
1 86156 40321 29
3 86156 40321 42
1 86156 40321 34
3 86156 40321 55
3 86156 40321 82
3 86156 40321 30
3 86156 40321 71
3 86156 40321 39
3 86156 40321 81
2 86156 40321 71
1 86156 40321 71
2 86156 40321 88
1 86156 40321 88
2 86156 40321 94
3 86156 40321 46
3 86156 40321 97
1 86156 40321 94
3 86156 40321 93
2 86156 40321 76
1 86156 40321 76
3 86156 40321 64
2 86156 40321 56
3 86156 40321 30
1 86156 40321 56
3 86156 40321 52
3 86156 40321 93
3 86156 40321 4
2 86156 40321 35
2 86156 40321 87
3 86156 40321 39
1 86156 40321 87
1 86156 40321 35
3 86156 40321 35
2 86156 40321 41
2 86156 40321 70
2 86156 40321 5
3 86156 40321 75
1 86156 40321 41
3 86156 40321 88
3 86156 40321 43
3 86156 40321 89
1 86156 40321 5
1 86156 40321 70
3 86156 40321 42
3 86156 40321 13
3 86156 40321 40
3 86156 40321 57
3 86156 40321 54
3 86156 40321 60
3 86156 40321 55
3 86156 40321 5
3 86156 40321 60
3 86156 40321 66
3 86156 40321 69
3 86156 40321 37
3 86156 40321 91
3 86156 40321 47
2 86156 40321 92
1 86156 40321 92
3 86156 40321 33
2 86156 40321 60
2 86156 40321 44
3 86156 40321 77
3 86156 40321 34
1 86156 40321 44
3 86156 40321 90
1 86156 40321 60
3 86156 40321 70
3 86156 40321 91
3 86156 40321 69
3 86156 40321 99
3 86156 40321 76
3 86156 40321 70
3 86156 40321 46
3 86156 40321 43
2 86156 40321 37
3 86156 40321 87
3 86156 40321 56
3 86156 40321 44
2 86156 40321 49
1 86156 40321 37
2 86156 40321 39
1 86156 40321 39
2 86156 40321 80
3 86156 40321 4
3 86156 40321 46
3 86156 40321 73
3 86156 40321 41
1 86156 40321 49
2 86156 40321 48
1 86156 40321 48
2 86156 40321 84
1 86156 40321 84
3 86156 40321 17
3 86156 40321 94
3 86156 40321 68
3 86156 40321 33
3 86156 40321 41
2 86156 40321 22
3 86156 40321 4
3 86156 40321 92
3 86156 40321 50
3 86156 40321 16
2 86156 40321 72
3 86156 40321 46
3 86156 40321 83
1 86156 40321 80
1 86156 40321 72
3 86156 40321 17
2 86156 40321 62
2 86156 40321 58
3 86156 40321 17
1 86156 40321 22
3 86156 40321 94
1 86156 40321 62
1 86156 40321 58
3 86156 40321 41
3 86156 40321 17
2 86156 40321 46
2 86156 40321 51
1 86156 40321 46
3 86156 40321 22
1 86156 40321 51
3 86156 40321 3
3 86156 40321 22
3 86156 40321 14
2 86156 40321 19
1 86156 40321 19
3 86156 40321 10
3 86156 40321 1
3 86156 40321 28
2 86156 40321 71
3 86156 40321 85
2 86156 40321 91
2 86156 40321 99
2 86156 40321 42
2 86156 40321 43
1 86156 40321 43
3 86156 40321 31
3 86156 40321 57
2 86156 40321 52
3 86156 40321 48
1 86156 40321 91
3 86156 40321 63
1 86156 40321 42
1 86156 40321 52
1 86156 40321 99
1 86156 40321 71
3 86156 40321 100
3 86156 40321 20
3 86156 40321 94
2 86156 40321 72
1 86156 40321 72
3 86156 40321 85
3 86156 40321 38
3 86156 40321 35
2 86156 40321 5
3 86156 40321 7
2 86156 40321 19
3 86156 40321 45
3 86156 40321 95
3 86156 40321 51
1 86156 40321 5
3 86156 40321 40
2 86156 40321 44
1 86156 40321 44
1 86156 40321 19
3 86156 40321 22
3 86156 40321 44
3 86156 40321 30
3 86156 40321 37
3 86156 40321 21
3 86156 40321 33
3 86156 40321 3
2 86156 40321 61
1 86156 40321 61
2 86156 40321 53
1 86156 40321 53
2 86156 40321 30
1 86156 40321 30
3 86156 40321 38
3 86156 40321 10
2 86156 40321 79
1 86156 40321 79
2 86156 40321 47
3 86156 40321 4
3 86156 40321 48
2 86156 40321 81
3 86156 40321 67
2 86156 40321 20
1 86156 40321 81
1 86156 40321 47
1 86156 40321 20
3 86156 40321 37
3 86156 40321 40
3 86156 40321 7
2 86156 40321 76
3 86156 40321 93
1 86156 40321 76
2 86156 40321 70
1 86156 40321 70
3 86156 40321 44
3 86156 40321 81
2 86156 40321 83
1 86156 40321 83
3 86156 40321 28
3 86156 40321 82
3 86156 40321 1
3 86156 40321 92
3 86156 40321 100
3 86156 40321 89
3 86156 40321 22
2 86156 40321 77
1 86156 40321 77
2 86156 40321 56
3 86156 40321 25
3 86156 40321 41
3 86156 40321 53
1 86156 40321 56
2 86156 40321 31
1 86156 40321 31
3 86156 40321 59
3 86156 40321 24
3 86156 40321 75
3 86156 40321 13
3 86156 40321 1
3 86156 40321 86
3 86156 40321 54
3 86156 40321 16
3 86156 40321 51
3 86156 40321 44
3 86156 40321 49
3 86156 40321 93
3 86156 40321 65
3 86156 40321 89
3 86156 40321 96
3 86156 40321 19
3 86156 40321 78
3 86156 40321 27
3 86156 40321 58
2 86156 40321 53
2 86156 40321 15
3 86156 40321 45
3 86156 40321 47
3 86156 40321 83
1 86156 40321 15
1 86156 40321 53
3 86156 40321 30
3 86156 40321 56
3 86156 40321 12
3 86156 40321 67
3 86156 40321 2
3 86156 40321 27
3 86156 40321 39
3 86156 40321 76
2 86156 40321 88
1 86156 40321 88
2 86156 40321 22
3 86156 40321 36
1 86156 40321 22
3 86156 40321 30
2 86156 40321 22
2 86156 40321 88
3 86156 40321 20
1 86156 40321 22
3 86156 40321 28
1 86156 40321 88
3 86156 40321 12
3 86156 40321 49
3 86156 40321 78
3 86156 40321 7
3 86156 40321 34
3 86156 40321 31
3 86156 40321 12
3 86156 40321 10
3 86156 40321 21
2 86156 40321 70
2 86156 40321 67
3 86156 40321 57
2 86156 40321 5
3 86156 40321 19
2 86156 40321 31
3 86156 40321 39
3 86156 40321 48
1 86156 40321 5
1 86156 40321 31
3 86156 40321 84
3 86156 40321 18
1 86156 40321 70
1 86156 40321 67
3 86156 40321 82
3 86156 40321 93
3 86156 40321 58
3 86156 40321 24
3 86156 40321 87
2 86156 40321 34
1 86156 40321 34
3 86156 40321 86
2 86156 40321 40
1 86156 40321 40
3 86156 40321 64
3 86156 40321 5
3 86156 40321 56
3 86156 40321 78
3 86156 40321 3
3 86156 40321 37
3 86156 40321 17
3 86156 40321 3
3 86156 40321 54
3 86156 40321 38
3 86156 40321 82
2 86156 40321 29
3 86156 40321 42
1 86156 40321 29
3 86156 40321 6
2 86156 40321 36
1 86156 40321 36
3 86156 40321 59
3 86156 40321 28
3 86156 40321 1
3 86156 40321 45
2 86156 40321 28
2 86156 40321 19
3 86156 40321 39
2 86156 40321 17
1 86156 40321 17
1 86156 40321 19
1 86156 40321 28
3 86156 40321 96
3 86156 40321 89
3 86156 40321 50
3 86156 40321 1
3 86156 40321 24
2 86156 40321 95
1 86156 40321 95
3 86156 40321 15
2 86156 40321 85
3 86156 40321 80
2 86156 40321 45
1 86156 40321 45
2 86156 40321 16
3 86156 40321 49
2 86156 40321 76
2 86156 40321 23
3 86156 40321 82
3 86156 40321 72
1 86156 40321 76
1 86156 40321 85
1 86156 40321 23
1 86156 40321 16
2 86156 40321 83
1 86156 40321 83
3 86156 40321 35
2 86156 40321 8
3 86156 40321 85
1 86156 40321 8
2 86156 40321 39
3 86156 40321 96
2 86156 40321 89
3 86156 40321 59
2 86156 40321 68
1 86156 40321 89
3 86156 40321 83
3 86156 40321 17
3 86156 40321 27
2 86156 40321 17
3 86156 40321 74
1 86156 40321 68
3 86156 40321 96
1 86156 40321 17
3 86156 40321 75
2 86156 40321 8
3 86156 40321 69
1 86156 40321 39
3 86156 40321 76
1 86156 40321 8
3 86156 40321 49
3 86156 40321 19
3 86156 40321 90
3 86156 40321 41
3 86156 40321 68
3 86156 40321 68
3 86156 40321 78
3 86156 40321 50
3 86156 40321 98
3 86156 40321 3
3 86156 40321 14
3 86156 40321 32
2 86156 40321 9
1 86156 40321 9
3 86156 40321 84
3 86156 40321 100
3 86156 40321 81
3 86156 40321 15
3 86156 40321 61
3 86156 40321 40
2 86156 40321 38
1 86156 40321 38
3 86156 40321 5
3 86156 40321 22
3 86156 40321 4
2 86156 40321 20
2 86156 40321 77
1 86156 40321 77
1 86156 40321 20
3 86156 40321 28
3 86156 40321 30
3 86156 40321 34
3 86156 40321 8
3 86156 40321 8
3 86156 40321 50
3 86156 40321 99
3 86156 40321 72
2 86156 40321 57
2 86156 40321 34
3 86156 40321 58
3 86156 40321 23
1 86156 40321 34
3 86156 40321 25
2 86156 40321 20
1 86156 40321 57
3 86156 40321 65
3 86156 40321 12
1 86156 40321 20
3 86156 40321 47
3 86156 40321 64
2 86156 40321 22
2 86156 40321 29
1 86156 40321 22
2 86156 40321 44
1 86156 40321 29
2 86156 40321 100
1 86156 40321 100
3 86156 40321 67
1 86156 40321 44
3 86156 40321 16
2 86156 40321 49
2 86156 40321 43
3 86156 40321 93
2 86156 40321 94
3 86156 40321 89
3 86156 40321 17
3 86156 40321 66
3 86156 40321 78
1 86156 40321 43
3 86156 40321 35
1 86156 40321 49
2 86156 40321 74
2 86156 40321 38
1 86156 40321 94
1 86156 40321 74
1 86156 40321 38
3 86156 40321 99
2 86156 40321 29
1 86156 40321 29
3 86156 40321 99
3 86156 40321 93
3 86156 40321 29
3 86156 40321 31
2 86156 40321 8
1 86156 40321 8
3 86156 40321 60
3 86156 40321 84
3 86156 40321 36
2 86156 40321 16
3 86156 40321 37
2 86156 40321 60
2 86156 40321 62
1 86156 40321 16
1 86156 40321 62
1 86156 40321 60
3 86156 40321 87
3 86156 40321 52
3 86156 40321 27
3 86156 40321 66
3 86156 40321 97
3 86156 40321 48
3 86156 40321 3
3 86156 40321 82
3 86156 40321 88
3 86156 40321 52
3 86156 40321 45
3 86156 40321 99
3 86156 40321 14
3 86156 40321 82
2 86156 40321 45
2 86156 40321 80
2 86156 40321 85
3 86156 40321 22
1 86156 40321 45
3 86156 40321 96
1 86156 40321 85
2 86156 40321 57
2 86156 40321 15
3 86156 40321 87
1 86156 40321 57
3 86156 40321 35
1 86156 40321 15
2 86156 40321 57
2 86156 40321 83
1 86156 40321 80
3 86156 40321 54
3 86156 40321 26
3 86156 40321 46
1 86156 40321 83
2 86156 40321 68
1 86156 40321 68
3 86156 40321 31
1 86156 40321 57
3 86156 40321 40
3 86156 40321 23
3 86156 40321 62
3 86156 40321 75
2 86156 40321 48
3 86156 40321 87
1 86156 40321 48
2 86156 40321 12
3 86156 40321 78
1 86156 40321 12
2 86156 40321 22
3 86156 40321 17
1 86156 40321 22
3 86156 40321 32
3 86156 40321 89
3 86156 40321 55
3 86156 40321 34
2 86156 40321 22
2 86156 40321 29
2 86156 40321 49
1 86156 40321 22
3 86156 40321 7
3 86156 40321 19
2 86156 40321 24
3 86156 40321 91
1 86156 40321 29
3 86156 40321 84
3 86156 40321 64
3 86156 40321 4
3 86156 40321 1
3 86156 40321 9
1 86156 40321 24
3 86156 40321 59
3 86156 40321 57
3 86156 40321 87
1 86156 40321 49
3 86156 40321 83
3 86156 40321 84
3 86156 40321 81
3 86156 40321 84
2 86156 40321 95
3 86156 40321 31
3 86156 40321 93
2 86156 40321 44
3 86156 40321 80
2 86156 40321 11
3 86156 40321 86
3 86156 40321 2
1 86156 40321 11
2 86156 40321 58
1 86156 40321 58
1 86156 40321 44
3 86156 40321 77
2 86156 40321 6
2 86156 40321 93
2 86156 40321 77
3 86156 40321 82
3 86156 40321 70
3 86156 40321 51
3 86156 40321 5
3 86156 40321 29
1 86156 40321 77
1 86156 40321 6
3 86156 40321 38
3 86156 40321 16
3 86156 40321 86
3 86156 40321 68
2 86156 40321 30
1 86156 40321 93
1 86156 40321 95
3 86156 40321 93
1 86156 40321 30
2 86156 40321 42
2 86156 40321 47
1 86156 40321 47
3 86156 40321 57
1 86156 40321 42
3 86156 40321 93
3 86156 40321 88
3 86156 40321 4
3 86156 40321 43
3 86156 40321 67
2 86156 40321 23
2 86156 40321 75
3 86156 40321 44
1 86156 40321 75
1 86156 40321 23
3 86156 40321 3
3 86156 40321 70
3 86156 40321 66
3 86156 40321 31
3 86156 40321 19
3 86156 40321 40
2 86156 40321 14
1 86156 40321 14
3 86156 40321 73
3 86156 40321 51
2 86156 40321 86
3 86156 40321 27
3 86156 40321 63
3 86156 40321 40
2 86156 40321 74
3 86156 40321 28
2 86156 40321 56
3 86156 40321 80
3 86156 40321 49
3 86156 40321 92
2 86156 40321 100
3 86156 40321 69
1 86156 40321 100
3 86156 40321 46
3 86156 40321 13
1 86156 40321 86
3 86156 40321 87
1 86156 40321 74
3 86156 40321 83
3 86156 40321 61
3 86156 40321 42
2 86156 40321 62
1 86156 40321 62
3 86156 40321 32
1 86156 40321 56
2 86156 40321 33
1 86156 40321 33
2 86156 40321 4
1 86156 40321 4
2 86156 40321 95
2 86156 40321 27
1 86156 40321 27
3 86156 40321 17
3 86156 40321 68
3 86156 40321 7
1 86156 40321 95
3 86156 40321 69
3 86156 40321 20
3 86156 40321 62
3 86156 40321 50
3 86156 40321 8
2 86156 40321 61
1 86156 40321 61
3 86156 40321 61
3 86156 40321 4
3 86156 40321 87
3 86156 40321 29
3 86156 40321 5
3 86156 40321 66
3 86156 40321 11
2 86156 40321 91
3 86156 40321 63
1 86156 40321 91
2 86156 40321 58
1 86156 40321 58
3 86156 40321 57
3 86156 40321 23
3 86156 40321 9
3 86156 40321 50
3 86156 40321 47
3 86156 40321 86
3 86156 40321 60
3 86156 40321 75
3 86156 40321 84
3 86156 40321 3
3 86156 40321 2
3 86156 40321 86
3 86156 40321 70
3 86156 40321 54
3 86156 40321 13
3 86156 40321 5
3 86156 40321 29
3 86156 40321 44
2 86156 40321 56
2 86156 40321 7
1 86156 40321 56
3 86156 40321 95
2 86156 40321 92
2 86156 40321 34
3 86156 40321 14
3 86156 40321 83
3 86156 40321 56
1 86156 40321 7
3 86156 40321 61
1 86156 40321 92
1 86156 40321 34
3 86156 40321 49
3 86156 40321 69
2 86156 40321 42
3 86156 40321 5
1 86156 40321 42
3 86156 40321 100
3 86156 40321 79
3 86156 40321 92
3 86156 40321 27
3 86156 40321 97
2 86156 40321 64
3 86156 40321 97
1 86156 40321 64
2 86156 40321 54
3 86156 40321 63
3 86156 40321 19
1 86156 40321 54
3 86156 40321 2
3 86156 40321 19
2 86156 40321 33
1 86156 40321 33
3 86156 40321 34
2 86156 40321 18
3 86156 40321 6
3 86156 40321 61
1 86156 40321 18
3 86156 40321 20
3 86156 40321 19
3 86156 40321 96
2 86156 40321 6
1 86156 40321 6
3 86156 40321 5
3 86156 40321 86
3 86156 40321 93
2 86156 40321 14
3 86156 40321 82
1 86156 40321 14
3 86156 40321 65
3 86156 40321 96
3 86156 40321 61
3 86156 40321 2
3 86156 40321 36
3 86156 40321 7
3 86156 40321 4
2 86156 40321 70
3 86156 40321 19
1 86156 40321 70
3 86156 40321 95
3 86156 40321 14
3 86156 40321 8
3 86156 40321 85
3 86156 40321 82
2 86156 40321 83
1 86156 40321 83
3 86156 40321 35
3 86156 40321 100
3 86156 40321 60
3 86156 40321 4
3 86156 40321 79
3 86156 40321 76
3 86156 40321 70
3 86156 40321 66
3 86156 40321 83
3 86156 40321 6
3 86156 40321 25
3 86156 40321 18
2 86156 40321 61
3 86156 40321 6
1 86156 40321 61
2 86156 40321 72
2 86156 40321 34
3 86156 40321 47
1 86156 40321 72
2 86156 40321 29
3 86156 40321 17
3 86156 40321 85
1 86156 40321 34
1 86156 40321 29
3 86156 40321 79
3 86156 40321 76
2 86156 40321 64
2 86156 40321 8
1 86156 40321 8
1 86156 40321 64
3 86156 40321 72
2 86156 40321 42
2 86156 40321 88
3 86156 40321 16
1 86156 40321 42
1 86156 40321 88
3 86156 40321 5
2 86156 40321 60
1 86156 40321 60
3 86156 40321 32
3 86156 40321 46
3 86156 40321 36
3 86156 40321 67
3 86156 40321 36
3 86156 40321 27
3 86156 40321 48
3 86156 40321 96
3 86156 40321 6
3 86156 40321 9
3 86156 40321 7
3 86156 40321 88
2 86156 40321 98
3 86156 40321 33
1 86156 40321 98
3 86156 40321 54
3 86156 40321 84
3 86156 40321 62
2 86156 40321 70
1 86156 40321 70
3 86156 40321 30
3 86156 40321 45
3 86156 40321 70
3 86156 40321 15
3 86156 40321 20
3 86156 40321 98
3 86156 40321 14
3 86156 40321 46
3 86156 40321 82
3 86156 40321 39
3 86156 40321 29
2 86156 40321 38
1 86156 40321 38
3 86156 40321 79
3 86156 40321 67
2 86156 40321 3
1 86156 40321 3
2 86156 40321 67
1 86156 40321 67
2 86156 40321 98
1 86156 40321 98
2 86156 40321 5
1 86156 40321 5
3 86156 40321 39
3 86156 40321 47
3 86156 40321 72
3 86156 40321 49
3 86156 40321 72
2 86156 40321 43
2 86156 40321 60
2 86156 40321 54
3 86156 40321 20
2 86156 40321 81
2 86156 40321 59
1 86156 40321 43
2 86156 40321 16
3 86156 40321 64
1 86156 40321 54
2 86156 40321 52
3 86156 40321 71
1 86156 40321 16
2 86156 40321 56
2 86156 40321 71
1 86156 40321 81
1 86156 40321 56
1 86156 40321 71
1 86156 40321 52
1 86156 40321 60
3 86156 40321 65
3 86156 40321 12
1 86156 40321 59
3 86156 40321 6
3 86156 40321 89
3 86156 40321 66
3 86156 40321 49
3 86156 40321 98
3 86156 40321 30
3 86156 40321 1
2 86156 40321 54
1 86156 40321 54
3 86156 40321 59
3 86156 40321 31
3 86156 40321 79
3 86156 40321 70
3 86156 40321 86
3 86156 40321 89
3 86156 40321 22
3 86156 40321 88
3 86156 40321 52
2 86156 40321 39
3 86156 40321 70
1 86156 40321 39
3 86156 40321 20
3 86156 40321 67
3 86156 40321 27
3 86156 40321 22
3 86156 40321 68
3 86156 40321 51
3 86156 40321 2
3 86156 40321 77
2 86156 40321 45
2 86156 40321 36
2 86156 40321 1
3 86156 40321 86
2 86156 40321 39
1 86156 40321 36
1 86156 40321 1
3 86156 40321 40
3 86156 40321 16
3 86156 40321 40
3 86156 40321 77
1 86156 40321 39
1 86156 40321 45
3 86156 40321 15
3 86156 40321 44
2 86156 40321 70
3 86156 40321 78
1 86156 40321 70
3 86156 40321 70
3 86156 40321 42
2 86156 40321 59
2 86156 40321 26
2 86156 40321 81
3 86156 40321 72
2 86156 40321 2
1 86156 40321 59
1 86156 40321 26
2 86156 40321 41
2 86156 40321 67
3 86156 40321 52
1 86156 40321 67
1 86156 40321 2
3 86156 40321 64
1 86156 40321 81
2 86156 40321 54
1 86156 40321 41
3 86156 40321 80
1 86156 40321 54
3 86156 40321 94
3 86156 40321 56
2 86156 40321 87
3 86156 40321 45
1 86156 40321 87
2 86156 40321 40
1 86156 40321 40
3 86156 40321 49
3 86156 40321 92
3 86156 40321 10
2 86156 40321 86
3 86156 40321 32
1 86156 40321 86
3 86156 40321 8
3 86156 40321 10
3 86156 40321 100
3 86156 40321 48
2 86156 40321 96
3 86156 40321 15
3 86156 40321 70
2 86156 40321 3
1 86156 40321 3
2 86156 40321 74
1 86156 40321 96
3 86156 40321 99
2 86156 40321 87
2 86156 40321 77
3 86156 40321 8
1 86156 40321 87
2 86156 40321 12
2 86156 40321 50
2 86156 40321 38
3 86156 40321 91
2 86156 40321 73
3 86156 40321 22
3 86156 40321 52
3 86156 40321 64
1 86156 40321 74
1 86156 40321 50
1 86156 40321 77
3 86156 40321 99
3 86156 40321 12
1 86156 40321 38
3 86156 40321 77
1 86156 40321 73
1 86156 40321 12
3 86156 40321 57
3 86156 40321 48
2 86156 40321 81
3 86156 40321 47
1 86156 40321 81
2 86156 40321 98
1 86156 40321 98
3 86156 40321 58
3 86156 40321 29
3 86156 40321 11
2 86156 40321 46
3 86156 40321 48
1 86156 40321 46
3 86156 40321 73
3 86156 40321 55
2 86156 40321 44
3 86156 40321 40
3 86156 40321 9
3 86156 40321 100
3 86156 40321 8
1 86156 40321 44
3 86156 40321 37
2 86156 40321 15
3 86156 40321 38
3 86156 40321 15
1 86156 40321 15
3 86156 40321 29
3 86156 40321 79
2 86156 40321 75
1 86156 40321 75
3 86156 40321 68
2 86156 40321 64
2 86156 40321 86
1 86156 40321 64
2 86156 40321 5
3 86156 40321 59
1 86156 40321 5
2 86156 40321 24
1 86156 40321 24
2 86156 40321 38
3 86156 40321 56
1 86156 40321 86
3 86156 40321 6
2 86156 40321 88
3 86156 40321 92
1 86156 40321 88
3 86156 40321 10
1 86156 40321 38
3 86156 40321 1
3 86156 40321 36
3 86156 40321 47
2 86156 40321 48
2 86156 40321 50
2 86156 40321 5
3 86156 40321 18
3 86156 40321 21
3 86156 40321 60
2 86156 40321 82
1 86156 40321 5
3 86156 40321 54
1 86156 40321 82
1 86156 40321 48
2 86156 40321 81
3 86156 40321 54
3 86156 40321 12
3 86156 40321 25
3 86156 40321 92
1 86156 40321 50
3 86156 40321 81
3 86156 40321 69
3 86156 40321 94
1 86156 40321 81
3 86156 40321 95
2 86156 40321 72
1 86156 40321 72
3 86156 40321 84
3 86156 40321 96
3 86156 40321 10
3 86156 40321 39
3 86156 40321 4
3 86156 40321 79
3 86156 40321 6
3 86156 40321 89
3 86156 40321 34
3 86156 40321 71
3 86156 40321 28
3 86156 40321 56
3 86156 40321 22
3 86156 40321 70
3 86156 40321 20
3 86156 40321 82
3 86156 40321 70
3 86156 40321 11
3 86156 40321 65
3 86156 40321 12
3 86156 40321 47
3 86156 40321 16
3 86156 40321 96
3 86156 40321 60
3 86156 40321 14
3 86156 40321 29
3 86156 40321 81
3 86156 40321 67
3 86156 40321 39
2 86156 40321 22
1 86156 40321 22
2 86156 40321 30
1 86156 40321 30
3 86156 40321 12
2 86156 40321 54
1 86156 40321 54
3 86156 40321 92
3 86156 40321 50
3 86156 40321 35
3 86156 40321 38
3 86156 40321 91
3 86156 40321 33
3 86156 40321 86
3 86156 40321 40
3 86156 40321 59
3 86156 40321 65
2 86156 40321 38
1 86156 40321 38
3 86156 40321 26
3 86156 40321 2
3 86156 40321 26
3 86156 40321 51
3 86156 40321 98
3 86156 40321 66
3 86156 40321 36
3 86156 40321 30
3 86156 40321 69
3 86156 40321 76
3 86156 40321 25
2 86156 40321 54
2 86156 40321 50
3 86156 40321 34
3 86156 40321 100
3 86156 40321 38
3 86156 40321 88
3 86156 40321 66
2 86156 40321 25
1 86156 40321 50
3 86156 40321 12
3 86156 40321 96
1 86156 40321 25
3 86156 40321 31
3 86156 40321 43
3 86156 40321 8
2 86156 40321 21
2 86156 40321 75
1 86156 40321 21
1 86156 40321 75
3 86156 40321 23
1 86156 40321 54
3 86156 40321 6
3 86156 40321 62
3 86156 40321 22
3 86156 40321 54
3 86156 40321 94
3 86156 40321 36
3 86156 40321 77
3 86156 40321 94
2 86156 40321 57
2 86156 40321 4
1 86156 40321 4
1 86156 40321 57
3 86156 40321 80
3 86156 40321 33
3 86156 40321 3
3 86156 40321 91
3 86156 40321 61
3 86156 40321 5
3 86156 40321 94
3 86156 40321 20
3 86156 40321 98
3 86156 40321 27
3 86156 40321 86
3 86156 40321 31
3 86156 40321 15
3 86156 40321 36
3 86156 40321 3
2 86156 40321 74
1 86156 40321 74
3 86156 40321 79
3 86156 40321 6
3 86156 40321 55
3 86156 40321 88
2 86156 40321 10
1 86156 40321 10
3 86156 40321 37
3 86156 40321 5
2 86156 40321 10
1 86156 40321 10
3 86156 40321 18
3 86156 40321 59
2 86156 40321 69
1 86156 40321 69
3 86156 40321 88
3 86156 40321 59
3 86156 40321 1
3 86156 40321 80
2 86156 40321 34
3 86156 40321 38
3 86156 40321 11
1 86156 40321 34
3 86156 40321 20
3 86156 40321 81
3 86156 40321 95
3 86156 40321 34
3 86156 40321 53
3 86156 40321 31
2 86156 40321 68
1 86156 40321 68
2 86156 40321 43
2 86156 40321 35
3 86156 40321 25
1 86156 40321 35
2 86156 40321 97
1 86156 40321 43
1 86156 40321 97
3 86156 40321 58
3 86156 40321 69
3 86156 40321 76
3 86156 40321 45
3 86156 40321 17
3 86156 40321 86
3 86156 40321 82
3 86156 40321 95
3 86156 40321 47
3 86156 40321 73
3 86156 40321 32
3 86156 40321 68
3 86156 40321 83
3 86156 40321 1
3 86156 40321 22
3 86156 40321 42
3 86156 40321 70
3 86156 40321 22
2 86156 40321 8
1 86156 40321 8
3 86156 40321 95
3 86156 40321 56
3 86156 40321 32
3 86156 40321 81
3 86156 40321 85
2 86156 40321 14
3 86156 40321 69
1 86156 40321 14
3 86156 40321 31
3 86156 40321 64
2 86156 40321 3
1 86156 40321 3
3 86156 40321 68
3 86156 40321 47
3 86156 40321 68
3 86156 40321 28
3 86156 40321 21
3 86156 40321 3
3 86156 40321 37
2 86156 40321 85
3 86156 40321 80
2 86156 40321 51
1 86156 40321 85
3 86156 40321 33
3 86156 40321 48
3 86156 40321 61
2 86156 40321 49
3 86156 40321 95
3 86156 40321 42
2 86156 40321 26
3 86156 40321 61
3 86156 40321 27
1 86156 40321 49
2 86156 40321 77
2 86156 40321 9
1 86156 40321 51
1 86156 40321 26
3 86156 40321 79
1 86156 40321 77
3 86156 40321 69
3 86156 40321 1
2 86156 40321 54
1 86156 40321 9
3 86156 40321 12
1 86156 40321 54
2 86156 40321 3
1 86156 40321 3
2 86156 40321 74
1 86156 40321 74
3 86156 40321 35
3 86156 40321 91
3 86156 40321 6
3 86156 40321 50
2 86156 40321 57
1 86156 40321 57
3 86156 40321 1
3 86156 40321 44
3 86156 40321 73
3 86156 40321 72
3 86156 40321 29
3 86156 40321 40
3 86156 40321 64
3 86156 40321 75
3 86156 40321 89
3 86156 40321 75
3 86156 40321 40
3 86156 40321 34
3 86156 40321 42
3 86156 40321 22
2 86156 40321 8
3 86156 40321 32
1 86156 40321 8
2 86156 40321 46
1 86156 40321 46
2 86156 40321 49
1 86156 40321 49
3 86156 40321 97
3 86156 40321 100
3 86156 40321 31
3 86156 40321 100
2 86156 40321 72
1 86156 40321 72
2 86156 40321 77
1 86156 40321 77
2 86156 40321 51
2 86156 40321 66
2 86156 40321 33
1 86156 40321 33
1 86156 40321 51
1 86156 40321 66
3 86156 40321 13
2 86156 40321 75
3 86156 40321 30
2 86156 40321 1
2 86156 40321 81
2 86156 40321 35
1 86156 40321 81
3 86156 40321 99
1 86156 40321 1
2 86156 40321 38
3 86156 40321 36
3 86156 40321 53
1 86156 40321 35
2 86156 40321 72
2 86156 40321 37
1 86156 40321 72
3 86156 40321 47
3 86156 40321 87
1 86156 40321 38
1 86156 40321 37
1 86156 40321 75
3 86156 40321 95
3 86156 40321 51
3 86156 40321 1
3 86156 40321 18
3 86156 40321 94
3 86156 40321 38
3 86156 40321 93
2 86156 40321 53
1 86156 40321 53
3 86156 40321 28
3 86156 40321 96
3 86156 40321 6
3 86156 40321 64
3 86156 40321 70
3 86156 40321 68
3 86156 40321 55
2 86156 40321 79
3 86156 40321 20
1 86156 40321 79
3 86156 40321 9
3 86156 40321 31
3 86156 40321 3
2 86156 40321 99
3 86156 40321 55
3 86156 40321 65
2 86156 40321 86
2 86156 40321 22
2 86156 40321 91
1 86156 40321 86
1 86156 40321 99
3 86156 40321 2
3 86156 40321 94
3 86156 40321 88
3 86156 40321 100
1 86156 40321 91
3 86156 40321 21
1 86156 40321 22
2 86156 40321 66
1 86156 40321 66
3 86156 40321 10
2 86156 40321 69
3 86156 40321 87
3 86156 40321 30
1 86156 40321 69
2 86156 40321 37
3 86156 40321 72
3 86156 40321 82
1 86156 40321 37
3 86156 40321 85
3 86156 40321 19
3 86156 40321 11
3 86156 40321 84
3 86156 40321 53
3 86156 40321 29
3 86156 40321 49
3 86156 40321 29
2 86156 40321 26
2 86156 40321 30
3 86156 40321 79
3 86156 40321 82
1 86156 40321 26
3 86156 40321 70
1 86156 40321 30
3 86156 40321 1
3 86156 40321 16
3 86156 40321 51
3 86156 40321 32
3 86156 40321 60
3 86156 40321 22
2 86156 40321 85
3 86156 40321 23
2 86156 40321 16
1 86156 40321 16
2 86156 40321 86
3 86156 40321 70
3 86156 40321 44
1 86156 40321 85
2 86156 40321 98
2 86156 40321 16
3 86156 40321 11
2 86156 40321 39
1 86156 40321 39
2 86156 40321 38
3 86156 40321 23
1 86156 40321 86
2 86156 40321 42
3 86156 40321 86
3 86156 40321 68
2 86156 40321 36
3 86156 40321 70
3 86156 40321 25
2 86156 40321 58
1 86156 40321 16
3 86156 40321 14
3 86156 40321 74
1 86156 40321 98
3 86156 40321 63
3 86156 40321 27
1 86156 40321 36
1 86156 40321 38
3 86156 40321 99
3 86156 40321 96
3 86156 40321 76
1 86156 40321 58
2 86156 40321 74
3 86156 40321 12
3 86156 40321 15
3 86156 40321 61
3 86156 40321 94
3 86156 40321 75
3 86156 40321 50
1 86156 40321 74
2 86156 40321 19
3 86156 40321 68
1 86156 40321 42
2 86156 40321 44
2 86156 40321 38
3 86156 40321 81
2 86156 40321 6
2 86156 40321 26
1 86156 40321 44
2 86156 40321 37
3 86156 40321 10
3 86156 40321 81
3 86156 40321 19
2 86156 40321 66
1 86156 40321 38
3 86156 40321 67
3 86156 40321 49
2 86156 40321 60
1 86156 40321 60
3 86156 40321 30
1 86156 40321 6
1 86156 40321 19
1 86156 40321 37
1 86156 40321 26
2 86156 40321 88
1 86156 40321 66
3 86156 40321 63
3 86156 40321 74
3 86156 40321 72
3 86156 40321 89
1 86156 40321 88
3 86156 40321 43
3 86156 40321 34
3 86156 40321 18
2 86156 40321 77
3 86156 40321 3
1 86156 40321 77
3 86156 40321 81
3 86156 40321 63
3 86156 40321 74
3 86156 40321 92
3 86156 40321 75
2 86156 40321 30
2 86156 40321 71
1 86156 40321 71
1 86156 40321 30
3 86156 40321 4
3 86156 40321 17
3 86156 40321 74
3 86156 40321 34
2 86156 40321 83
3 86156 40321 75
1 86156 40321 83
3 86156 40321 76
3 86156 40321 14
3 86156 40321 69
3 86156 40321 3
3 86156 40321 6
3 86156 40321 70
3 86156 40321 62
3 86156 40321 79
3 86156 40321 30
2 86156 40321 82
1 86156 40321 82
3 86156 40321 73
3 86156 40321 26
3 86156 40321 59
2 86156 40321 60
3 86156 40321 42
1 86156 40321 60
3 86156 40321 86
3 86156 40321 59
3 86156 40321 87
3 86156 40321 39
3 86156 40321 62
3 86156 40321 96
3 86156 40321 7
3 86156 40321 19
3 86156 40321 22
3 86156 40321 40
3 86156 40321 43
3 86156 40321 96
3 86156 40321 97
3 86156 40321 70
3 86156 40321 75
2 86156 40321 77
3 86156 40321 46
3 86156 40321 18
2 86156 40321 13
1 86156 40321 13
3 86156 40321 96
2 86156 40321 38
2 86156 40321 22
1 86156 40321 38
2 86156 40321 11
3 86156 40321 65
1 86156 40321 22
1 86156 40321 11
1 86156 40321 77
2 86156 40321 28
3 86156 40321 95
1 86156 40321 28
3 86156 40321 43
3 86156 40321 54
2 86156 40321 58
1 86156 40321 58
2 86156 40321 58
3 86156 40321 29
2 86156 40321 99
2 86156 40321 12
2 86156 40321 45
1 86156 40321 58
2 86156 40321 86
1 86156 40321 86
3 86156 40321 29
3 86156 40321 71
2 86156 40321 97
2 86156 40321 39
1 86156 40321 45
3 86156 40321 97
3 86156 40321 18
3 86156 40321 44
1 86156 40321 39
3 86156 40321 94
3 86156 40321 100
1 86156 40321 12
3 86156 40321 21
3 86156 40321 44
1 86156 40321 99
1 86156 40321 97
3 86156 40321 30
3 86156 40321 35
3 86156 40321 81
3 86156 40321 24
3 86156 40321 76
2 86156 40321 1
2 86156 40321 87
3 86156 40321 64
1 86156 40321 87
1 86156 40321 1
3 86156 40321 6
3 86156 40321 7
3 86156 40321 96
3 86156 40321 64
3 86156 40321 15
3 86156 40321 30
3 86156 40321 65
3 86156 40321 17
3 86156 40321 97
2 86156 40321 42
1 86156 40321 42
2 86156 40321 56
1 86156 40321 56
3 86156 40321 97
3 86156 40321 71
3 86156 40321 77
3 86156 40321 8
3 86156 40321 2
3 86156 40321 69
3 86156 40321 7
3 86156 40321 15
3 86156 40321 22
3 86156 40321 58
3 86156 40321 41
3 86156 40321 11
3 86156 40321 96
3 86156 40321 32
3 86156 40321 31
3 86156 40321 48
3 86156 40321 74
3 86156 40321 18
3 86156 40321 37
3 86156 40321 32
3 86156 40321 1
3 86156 40321 69
3 86156 40321 54
3 86156 40321 92
3 86156 40321 86
3 86156 40321 43
3 86156 40321 55
2 86156 40321 66
2 86156 40321 95
1 86156 40321 95
3 86156 40321 98
2 86156 40321 88
1 86156 40321 66
2 86156 40321 5
1 86156 40321 5
1 86156 40321 88
3 86156 40321 30
2 86156 40321 94
1 86156 40321 94
3 86156 40321 53
3 86156 40321 44
3 86156 40321 72
3 86156 40321 57
2 86156 40321 55
1 86156 40321 55
3 86156 40321 40
3 86156 40321 43
3 86156 40321 69
2 86156 40321 35
1 86156 40321 35
3 86156 40321 29
3 86156 40321 62
3 86156 40321 41
2 86156 40321 35
3 86156 40321 34
2 86156 40321 72
1 86156 40321 35
1 86156 40321 72
3 86156 40321 73
3 86156 40321 27
3 86156 40321 14
3 86156 40321 86
3 86156 40321 31
3 86156 40321 15
3 86156 40321 49
3 86156 40321 65
3 86156 40321 93
3 86156 40321 22
3 86156 40321 87
3 86156 40321 74
3 86156 40321 88
3 86156 40321 65
3 86156 40321 15
2 86156 40321 24
2 86156 40321 7
1 86156 40321 24
3 86156 40321 26
3 86156 40321 28
3 86156 40321 26
1 86156 40321 7
3 86156 40321 5
3 86156 40321 72
3 86156 40321 86
3 86156 40321 90
3 86156 40321 65
3 86156 40321 16
2 86156 40321 82
2 86156 40321 60
2 86156 40321 68
3 86156 40321 26
3 86156 40321 32
3 86156 40321 6
3 86156 40321 22
2 86156 40321 78
2 86156 40321 13
1 86156 40321 78
2 86156 40321 77
2 86156 40321 4
3 86156 40321 97
1 86156 40321 60
2 86156 40321 24
3 86156 40321 49
3 86156 40321 43
2 86156 40321 44
2 86156 40321 49
2 86156 40321 76
3 86156 40321 30
2 86156 40321 15
3 86156 40321 35
2 86156 40321 1
2 86156 40321 3
1 86156 40321 13
1 86156 40321 4
3 86156 40321 4
1 86156 40321 68
1 86156 40321 82
1 86156 40321 24
2 86156 40321 78
1 86156 40321 3
2 86156 40321 11
3 86156 40321 49
1 86156 40321 76
3 86156 40321 51
1 86156 40321 11
2 86156 40321 47
3 86156 40321 7
1 86156 40321 47
1 86156 40321 15
3 86156 40321 30
1 86156 40321 49
3 86156 40321 74
1 86156 40321 77
1 86156 40321 44
3 86156 40321 7
2 86156 40321 92
3 86156 40321 37
1 86156 40321 92
3 86156 40321 60
3 86156 40321 47
1 86156 40321 78
1 86156 40321 1
2 86156 40321 17
1 86156 40321 17
3 86156 40321 85
3 86156 40321 67
3 86156 40321 7
3 86156 40321 27
3 86156 40321 98
3 86156 40321 37
3 86156 40321 69
3 86156 40321 2
2 86156 40321 97
2 86156 40321 38
1 86156 40321 38
3 86156 40321 72
2 86156 40321 20
3 86156 40321 77
1 86156 40321 20
3 86156 40321 7
1 86156 40321 97
3 86156 40321 83
2 86156 40321 7
3 86156 40321 65
3 86156 40321 41
2 86156 40321 31
1 86156 40321 7
3 86156 40321 12
1 86156 40321 31
3 86156 40321 61
3 86156 40321 96
3 86156 40321 90
3 86156 40321 5
2 86156 40321 61
1 86156 40321 61
3 86156 40321 22
3 86156 40321 58
3 86156 40321 48
3 86156 40321 29
3 86156 40321 61
3 86156 40321 60
3 86156 40321 64
2 86156 40321 37
1 86156 40321 37
3 86156 40321 64
3 86156 40321 43
2 86156 40321 67
1 86156 40321 67
2 86156 40321 76
3 86156 40321 10
1 86156 40321 76
3 86156 40321 22
3 86156 40321 8
2 86156 40321 88
1 86156 40321 88
2 86156 40321 75
1 86156 40321 75
3 86156 40321 98
3 86156 40321 74
3 86156 40321 90
3 86156 40321 9
3 86156 40321 21
3 86156 40321 91
3 86156 40321 25
3 86156 40321 42
2 86156 40321 71
3 86156 40321 93
1 86156 40321 71
3 86156 40321 89
3 86156 40321 29
2 86156 40321 96
3 86156 40321 26
3 86156 40321 16
1 86156 40321 96
3 86156 40321 67
3 86156 40321 81
3 86156 40321 61
3 86156 40321 67
3 86156 40321 6
2 86156 40321 62
1 86156 40321 62
2 86156 40321 4
1 86156 40321 4
3 86156 40321 81
3 86156 40321 23
3 86156 40321 65
3 86156 40321 47
2 86156 40321 36
1 86156 40321 36
2 86156 40321 8
1 86156 40321 8
3 86156 40321 75
3 86156 40321 23
3 86156 40321 22
3 86156 40321 6
3 86156 40321 47
3 86156 40321 58
3 86156 40321 6
2 86156 40321 39
2 86156 40321 94
2 86156 40321 83
1 86156 40321 83
3 86156 40321 38
1 86156 40321 94
3 86156 40321 9
2 86156 40321 59
3 86156 40321 17
3 86156 40321 38
1 86156 40321 59
3 86156 40321 76
2 86156 40321 22
2 86156 40321 90
3 86156 40321 66
3 86156 40321 26
1 86156 40321 39
3 86156 40321 95
3 86156 40321 17
1 86156 40321 22
3 86156 40321 56
2 86156 40321 76
3 86156 40321 62
3 86156 40321 64
1 86156 40321 76
1 86156 40321 90
3 86156 40321 26
2 86156 40321 56
1 86156 40321 56
2 86156 40321 53
1 86156 40321 53
3 86156 40321 16
3 86156 40321 1
3 86156 40321 65
3 86156 40321 58
3 86156 40321 89
3 86156 40321 81
3 86156 40321 14
2 86156 40321 9
1 86156 40321 9
3 86156 40321 69
3 86156 40321 4
3 86156 40321 57
2 86156 40321 25
2 86156 40321 64
3 86156 40321 97
1 86156 40321 25
3 86156 40321 19
2 86156 40321 22
1 86156 40321 22
1 86156 40321 64
3 86156 40321 45
3 86156 40321 72
3 86156 40321 32
3 86156 40321 86
3 86156 40321 2
2 86156 40321 27
1 86156 40321 27
3 86156 40321 93
2 86156 40321 59
1 86156 40321 59
3 86156 40321 46
3 86156 40321 35
3 86156 40321 8
3 86156 40321 55
3 86156 40321 86
3 86156 40321 25
2 86156 40321 17
3 86156 40321 77
1 86156 40321 17
3 86156 40321 87
3 86156 40321 67
3 86156 40321 67
3 86156 40321 15
3 86156 40321 15
3 86156 40321 21
2 86156 40321 86
3 86156 40321 68
1 86156 40321 86
3 86156 40321 89
3 86156 40321 77
2 86156 40321 53
1 86156 40321 53
3 86156 40321 3
3 86156 40321 45
3 86156 40321 58
3 86156 40321 69
3 86156 40321 64
3 86156 40321 17
2 86156 40321 29
3 86156 40321 85
3 86156 40321 25
1 86156 40321 29
3 86156 40321 42
3 86156 40321 93
3 86156 40321 69
2 86156 40321 1
3 86156 40321 72
3 86156 40321 54
1 86156 40321 1
3 86156 40321 73
3 86156 40321 56
3 86156 40321 14
3 86156 40321 11
3 86156 40321 57
3 86156 40321 6
3 86156 40321 43
2 86156 40321 35
3 86156 40321 23
1 86156 40321 35
3 86156 40321 11
3 86156 40321 67
3 86156 40321 49
3 86156 40321 44
3 86156 40321 69
2 86156 40321 34
2 86156 40321 53
1 86156 40321 34
1 86156 40321 53
3 86156 40321 79
3 86156 40321 19
2 86156 40321 87
1 86156 40321 87
2 86156 40321 15
2 86156 40321 25
1 86156 40321 25
1 86156 40321 15
3 86156 40321 31
3 86156 40321 30
3 86156 40321 24
3 86156 40321 44
2 86156 40321 74
1 86156 40321 74
2 86156 40321 65
2 86156 40321 99
1 86156 40321 99
3 86156 40321 70
1 86156 40321 65
2 86156 40321 13
2 86156 40321 50
2 86156 40321 92
2 86156 40321 63
3 86156 40321 22
1 86156 40321 92
3 86156 40321 6
1 86156 40321 63
3 86156 40321 45
2 86156 40321 70
1 86156 40321 50
1 86156 40321 13
1 86156 40321 70
2 86156 40321 95
2 86156 40321 84
3 86156 40321 86
3 86156 40321 83
3 86156 40321 61
3 86156 40321 47
1 86156 40321 95
2 86156 40321 86
3 86156 40321 10
2 86156 40321 97
3 86156 40321 10
3 86156 40321 44
2 86156 40321 74
1 86156 40321 97
1 86156 40321 84
1 86156 40321 86
1 86156 40321 74
3 86156 40321 25
3 86156 40321 18
3 86156 40321 29
3 86156 40321 83
2 86156 40321 56
2 86156 40321 22
1 86156 40321 22
3 86156 40321 68
3 86156 40321 23
1 86156 40321 56
3 86156 40321 68
2 86156 40321 22
3 86156 40321 57
2 86156 40321 2
1 86156 40321 22
1 86156 40321 2
3 86156 40321 6
3 86156 40321 23
3 86156 40321 96
3 86156 40321 51
3 86156 40321 14
3 86156 40321 67
2 86156 40321 39
1 86156 40321 39
3 86156 40321 52
3 86156 40321 82
2 86156 40321 60
2 86156 40321 21
3 86156 40321 78
1 86156 40321 60
2 86156 40321 53
3 86156 40321 44
2 86156 40321 26
2 86156 40321 28
1 86156 40321 26
1 86156 40321 53
2 86156 40321 14
2 86156 40321 51
1 86156 40321 28
1 86156 40321 51
1 86156 40321 21
1 86156 40321 14
3 86156 40321 51
3 86156 40321 50
3 86156 40321 18
3 86156 40321 30
2 86156 40321 96
1 86156 40321 96
3 86156 40321 26
3 86156 40321 98
3 86156 40321 14
3 86156 40321 99
3 86156 40321 24
3 86156 40321 91
3 86156 40321 31
3 86156 40321 43
3 86156 40321 37
3 86156 40321 51
3 86156 40321 63
3 86156 40321 71
2 86156 40321 99
1 86156 40321 99
3 86156 40321 99
2 86156 40321 18
3 86156 40321 66
1 86156 40321 18
3 86156 40321 64
2 86156 40321 71
2 86156 40321 52
1 86156 40321 71
3 86156 40321 62
2 86156 40321 98
1 86156 40321 98
2 86156 40321 17
1 86156 40321 17
3 86156 40321 17
3 86156 40321 54
3 86156 40321 47
1 86156 40321 52
3 86156 40321 100
3 86156 40321 90
3 86156 40321 82
2 86156 40321 68
1 86156 40321 68
3 86156 40321 81
3 86156 40321 77
2 86156 40321 26
3 86156 40321 87
1 86156 40321 26
3 86156 40321 69
3 86156 40321 46
3 86156 40321 92
2 86156 40321 35
2 86156 40321 31
1 86156 40321 31
1 86156 40321 35
2 86156 40321 15
3 86156 40321 89
1 86156 40321 15
2 86156 40321 68
3 86156 40321 89
1 86156 40321 68
3 86156 40321 85
3 86156 40321 6
3 86156 40321 90
3 86156 40321 36
3 86156 40321 33
3 86156 40321 16
2 86156 40321 76
3 86156 40321 66
3 86156 40321 46
1 86156 40321 76
3 86156 40321 26
3 86156 40321 38
3 86156 40321 98
3 86156 40321 77
2 86156 40321 12
1 86156 40321 12
3 86156 40321 13
3 86156 40321 46
3 86156 40321 92
3 86156 40321 1
3 86156 40321 35
3 86156 40321 44
3 86156 40321 59
3 86156 40321 31
2 86156 40321 7
2 86156 40321 13
3 86156 40321 76
2 86156 40321 11
2 86156 40321 10
3 86156 40321 25
1 86156 40321 7
1 86156 40321 13
3 86156 40321 97
1 86156 40321 10
3 86156 40321 10
2 86156 40321 100
1 86156 40321 11
1 86156 40321 100
3 86156 40321 82
2 86156 40321 74
1 86156 40321 74
3 86156 40321 30
3 86156 40321 93
3 86156 40321 54
3 86156 40321 15
2 86156 40321 60
1 86156 40321 60
2 86156 40321 16
1 86156 40321 16
3 86156 40321 3
3 86156 40321 94
3 86156 40321 10
3 86156 40321 78
3 86156 40321 98
3 86156 40321 96
2 86156 40321 49
3 86156 40321 74
1 86156 40321 49
3 86156 40321 85
3 86156 40321 90
3 86156 40321 39
2 86156 40321 38
3 86156 40321 20
3 86156 40321 68
1 86156 40321 38
3 86156 40321 7
3 86156 40321 67
3 86156 40321 43
2 86156 40321 79
1 86156 40321 79
3 86156 40321 59
3 86156 40321 53
3 86156 40321 16
3 86156 40321 99
2 86156 40321 37
3 86156 40321 77
1 86156 40321 37
3 86156 40321 91
3 86156 40321 16
3 86156 40321 26
3 86156 40321 87
3 86156 40321 18
3 86156 40321 96
3 86156 40321 80
3 86156 40321 59
3 86156 40321 45
3 86156 40321 21
3 86156 40321 31
3 86156 40321 80
3 86156 40321 10
2 86156 40321 24
3 86156 40321 81
1 86156 40321 24
3 86156 40321 45
3 86156 40321 93
3 86156 40321 68
2 86156 40321 23
3 86156 40321 78
1 86156 40321 23
3 86156 40321 69
2 86156 40321 33
3 86156 40321 80
1 86156 40321 33
3 86156 40321 40
3 86156 40321 12
3 86156 40321 53
2 86156 40321 97
3 86156 40321 92
1 86156 40321 97
3 86156 40321 57
3 86156 40321 19
3 86156 40321 27
3 86156 40321 38
3 86156 40321 74
3 86156 40321 69
