1
100 100
1 23
1 52
23 69
23 7
69 17
23 49
69 47
23 74
74 92
92 66
69 20
49 80
74 88
69 34
80 97
34 43
97 70
80 78
47 38
88 41
49 45
23 15
45 94
80 77
66 44
77 58
58 6
92 91
91 55
69 32
38 84
6 79
55 9
49 61
91 27
58 42
80 19
7 73
61 48
38 62
52 53
7 14
58 4
6 82
80 5
38 36
82 85
45 24
7 86
58 60
74 81
20 98
82 12
62 68
55 90
14 100
45 75
27 40
100 37
86 95
81 71
71 25
85 87
66 46
32 96
42 64
85 26
73 65
34 76
87 39
78 99
27 33
70 13
52 54
77 89
17 30
55 93
20 18
27 10
91 8
43 29
6 63
79 11
36 59
59 28
90 83
6 16
54 35
97 3
13 57
54 51
66 21
92 2
13 67
60 22
77 56
4 50
10 31
12 72
95
50
86
37
49
7
60
57
17
73
10
37
53
95
50
55
19
86
11
100
16
16
82
97
59
10
55
41
87
45
62
37
96
21
52
6
64
3
52
59
81
82
26
60
23
58
22
81
95
99
78
19
21
81
68
36
40
75
52
70
16
65
73
61
51
11
67
90
18
58
26
96
30
10
26
30
69
94
93
79
99
18
36
85
77
64
52
34
21
46
27
7
24
96
13
92
83
27
75
43
