1
1000 100
1 648
648 353
648 88
88 382
1 928
382 383
648 436
928 966
648 737
966 279
353 467
436 275
382 144
88 209
467 469
88 432
383 473
144 364
432 283
364 328
382 892
473 913
144 904
436 701
648 843
701 137
432 567
364 186
144 247
436 759
209 797
913 92
209 237
353 704
247 840
275 528
892 744
913 964
328 50
892 460
759 270
50 968
892 902
92 888
567 723
744 898
840 77
279 2
567 98
432 657
968 588
2 194
737 828
966 85
469 510
701 607
892 418
840 531
275 490
510 150
85 886
92 834
892 1000
888 664
436 63
186 34
888 441
657 484
247 770
723 335
186 231
275 426
567 584
607 204
607 661
34 408
85 837
588 862
460 319
467 703
85 839
150 998
913 575
432 614
418 221
335 882
50 823
862 73
382 655
441 20
840 132
664 849
828 58
998 777
221 669
648 30
2 899
88 99
607 686
614 516
828 702
737 486
137 212
212 503
418 535
270 487
661 883
535 219
892 477
823 337
531 54
704 197
928 560
54 26
1 903
204 857
888 136
275 852
364 742
353 185
279 35
35 430
185 24
34 346
837 242
839 89
92 850
883 96
275 139
242 257
703 799
257 46
96 639
759 757
584 785
834 513
89 527
892 612
335 13
88 827
382 624
759 81
888 476
469 660
430 604
669 349
186 975
353 82
503 611
898 792
418 801
54 796
92 659
1 753
58 450
26 360
899 981
535 261
82 253
270 472
664 556
801 906
513 169
1000 570
510 187
187 112
797 439
799 114
655 627
737 60
964 603
703 945
834 952
137 438
575 276
659 47
150 71
96 793
2 489
50 579
473 988
639 203
212 52
460 636
792 733
47 454
247 914
441 18
998 885
528 598
968 343
438 97
242 271
799 772
432 274
998 314
882 324
58 159
882 601
73 877
516 84
862 597
275 165
1 967
469 3
81 494
487 754
197 152
857 474
77 208
904 493
702 869
624 994
460 949
949 622
857 685
63 779
257 512
516 822
418 894
353 630
165 9
560 267
834 259
894 427
99 190
267 749
664 578
639 933
197 871
314 633
469 313
50 405
257 803
169 868
203 327
81 183
753 548
503 978
473 606
857 697
190 238
871 731
660 374
801 307
697 632
597 891
114 789
467 168
92 613
327 167
843 131
98 227
622 589
20 400
632 330
655 155
84 347
801 44
868 836
967 645
685 123
92 646
88 717
467 135
208 174
945 269
1 55
35 901
47 375
883 65
512 784
9 515
906 931
570 211
52 309
96 285
46 626
627 116
477 488
439 160
405 972
657 465
450 941
123 778
639 224
438 485
2 687
327 502
512 720
749 379
270 680
454 965
327 291
803 188
253 431
3 129
785 53
862 425
869 954
405 325
645 951
82 57
664 859
702 536
136 592
733 108
259 417
857 126
485 223
603 507
882 621
685 962
3 543
630 506
575 721
891 110
823 620
71 461
645 294
417 544
190 94
271 326
614 133
531 69
613 562
20 140
904 808
607 926
604 617
212 498
799 683
507 101
592 424
313 761
646 641
81 549
327 446
575 43
837 176
335 629
868 505
211 568
375 845
827 711
683 23
772 743
852 341
827 679
73 397
159 207
194 340
549 470
926 610
966 916
427 756
168 191
473 312
648 156
621 557
24 582
620 716
629 976
340 40
208 838
941 819
40 783
211 406
716 922
400 986
828 995
966 879
669 68
621 316
69 982
397 909
325 66
337 389
845 422
139 480
515 302
704 689
223 363
382 334
405 437
52 322
796 235
165 631
871 919
194 317
657 411
941 440
194 615
422 525
291 593
592 289
516 628
426 690
894 934
3 240
436 811
316 688
364 767
253 100
101 724
978 609
190 463
503 401
757 86
845 36
888 939
401 726
426 449
411 308
723 550
726 280
131 760
877 616
849 256
575 229
469 930
838 908
919 693
502 984
169 555
528 553
515 520
460 83
465 946
417 443
280 21
871 202
494 897
972 74
557 7
528 681
132 163
859 323
589 738
862 31
697 540
98 332
135 111
319 750
253 565
720 867
742 106
507 12
422 642
1 119
227 932
778 605
797 373
857 451
185 458
400 572
543 38
565 858
327 798
408 950
253 387
859 769
208 758
555 831
472 243
811 635
687 386
209 338
319 37
477 794
903 255
528 762
838 199
679 944
897 419
77 228
862 504
892 376
621 76
794 367
761 410
334 391
888 142
770 695
777 452
535 538
604 826
845 804
548 800
899 546
801 671
798 380
579 49
794 421
631 145
843 310
275 369
838 924
449 345
598 887
966 787
259 232
792 910
382 248
307 956
630 115
313 385
888 851
914 786
283 595
275 746
30 618
369 17
624 78
431 402
490 234
550 182
422 889
838 662
253 113
525 252
18 457
337 752
859 530
560 676
49 351
797 175
235 149
20 971
598 109
593 80
337 905
584 233
480 815
930 533
749 48
903 122
231 495
582 672
724 696
169 331
237 79
472 210
486 583
422 698
883 295
432 677
152 963
111 522
337 61
142 225
376 586
116 829
941 585
829 22
976 262
163 158
527 125
885 453
50 637
626 365
115 448
116 856
221 161
71 554
430 818
353 497
836 19
490 987
185 239
578 370
570 674
186 482
270 193
598 719
271 499
850 124
528 864
882 771
850 715
270 415
897 371
715 90
163 396
744 775
417 675
144 297
26 273
425 873
487 251
823 384
65 729
726 265
956 246
322 298
360 673
98 768
642 817
76 435
904 128
697 691
530 958
849 8
161 918
137 236
905 311
778 927
635 508
19 993
828 172
686 534
424 923
136 765
480 394
850 545
183 896
172 206
50 162
891 640
772 355
609 154
410 649
383 874
826 272
752 198
240 244
400 623
798 989
859 299
132 876
520 692
400 266
648 788
871 741
317 596
856 573
567 890
840 290
112 481
436 706
956 835
46 959
370 501
425 907
873 911
873 250
797 602
172 192
494 447
100 740
737 287
711 647
989 663
265 249
914 416
891 268
427 861
913 258
616 884
191 599
113 725
857 442
319 773
110 678
440 774
8 805
760 847
606 56
536 810
572 16
234 118
382 745
773 566
847 121
223 824
924 983
606 120
731 361
767 127
308 855
959 763
99 392
557 315
487 33
232 780
415 390
738 414
857 893
886 10
715 333
198 213
862 95
840 218
280 912
213 551
379 938
557 940
697 350
798 581
415 357
836 969
602 195
149 865
323 866
616 541
775 644
77 625
733 709
431 766
582 5
183 712
589 143
244 304
745 75
251 462
556 643
465 281
737 117
287 358
160 468
69 730
145 6
251 220
847 492
149 348
421 409
886 841
584 153
871 684
504 277
447 214
384 201
139 403
967 812
913 282
768 173
624 736
194 217
425 833
274 196
864 177
401 591
34 500
883 878
74 727
168 70
10 634
194 103
458 388
716 748
800 170
520 41
798 64
477 104
312 381
48 278
912 580
793 260
314 961
727 519
402 292
161 537
24 708
660 790
12 558
358 571
637 407
360 189
211 222
481 590
348 11
883 666
9 514
402 872
106 960
789 776
128 15
994 102
981 412
152 518
904 511
612 992
259 563
742 820
584 991
158 4
548 413
384 263
468 561
213 652
954 854
4 359
671 428
409 559
988 184
97 694
103 980
131 844
262 814
152 399
450 521
556 846
168 895
290 539
597 937
941 670
185 842
833 608
424 25
962 39
375 301
437 880
944 848
896 935
758 336
759 479
74 166
660 216
643 654
904 600
631 997
926 523
765 920
833 395
874 955
527 130
599 658
338 483
733 587
479 970
295 51
733 860
494 226
44 542
640 755
892 456
549 832
698 344
243 466
86 576
970 200
494 404
227 27
769 180
81 164
521 356
167 429
122 574
627 179
902 372
351 990
289 564
871 710
834 594
872 526
25 977
907 552
671 929
633 434
643 491
950 329
545 739
113 974
790 921
620 947
403 532
405 475
773 72
640 650
491 853
712 230
756 151
613 286
593 393
742 734
620 471
463 141
473 321
394 445
208 917
927 915
19 362
43 979
407 87
666 366
970 722
355 813
431 134
2 985
601 300
462 517
119 29
439 713
389 496
395 67
223 953
515 707
482 178
289 656
644 62
650 942
137 147
933 638
955 288
570 529
958 667
229 293
804 377
25 28
192 735
371 342
511 205
585 802
940 303
638 577
66 806
69 807
316 305
886 398
568 378
662 59
586 32
363 459
274 651
778 809
905 728
954 107
167 444
130 245
926 547
930 781
106 957
521 464
97 791
263 619
416 875
942 509
804 747
78 241
536 816
445 925
753 764
733 870
276 653
574 423
988 254
669 215
399 157
805 999
797 105
417 718
605 368
648 825
353 138
965 732
842 948
556 821
966 524
423 284
543 433
111 146
259 148
262 751
615 668
130 569
109 352
179 318
657 782
39 296
858 705
79 306
437 943
73 699
494 45
592 320
483 171
809 264
60 42
309 700
98 93
254 181
948 714
856 996
692 354
117 478
574 14
393 795
426 830
546 900
754 881
17 339
685 682
598 420
265 863
868 455
959 973
65 665
682 936
610 91
742
646
714
678
254
59
852
531
193
521
738
331
531
304
183
726
187
985
583
300
967
138
691
724
507
332
748
760
64
465
123
914
350
49
374
774
906
182
577
40
813
744
440
822
186
502
590
578
330
297
156
93
246
929
879
548
514
374
607
184
688
825
476
894
317
807
594
445
422
9
30
981
927
141
885
19
766
212
126
853
757
359
772
188
155
190
382
448
248
70
376
521
299
674
259
683
924
728
800
295
