1
999 999
1 580
1 425
580 891
891 502
425 774
774 472
774 809
472 33
774 572
502 265
1 776
572 778
891 355
1 481
776 862
580 84
774 78
1 847
774 245
265 306
306 411
265 876
572 751
502 729
729 234
84 367
33 353
411 974
78 509
1 860
33 733
472 659
891 894
78 671
1 342
671 391
1 971
860 218
862 468
391 569
355 867
1 5
411 186
5 678
729 491
729 199
353 849
974 166
5 519
974 389
678 559
891 385
671 810
265 664
776 328
664 434
664 412
367 558
245 568
580 29
659 842
659 38
774 839
186 109
774 753
84 336
974 330
580 349
509 3
186 549
38 697
491 96
839 647
38 970
751 43
862 312
245 813
166 393
970 154
860 547
330 435
839 488
974 563
96 749
109 924
472 984
971 427
547 292
154 866
568 843
234 177
154 144
186 804
154 134
411 868
468 694
867 964
434 908
328 773
778 66
234 492
96 320
154 365
491 885
144 963
245 742
774 523
580 999
245 159
842 430
894 737
671 841
519 783
809 326
435 550
330 546
393 599
547 922
365 511
868 263
186 428
804 567
66 589
292 630
3 461
306 536
519 741
867 933
66 646
144 450
536 936
885 249
971 61
430 537
385 997
568 982
558 395
999 512
177 489
599 106
38 965
365 482
776 976
84 826
320 193
572 916
894 235
982 11
412 508
753 113
810 787
3 934
435 759
177 136
546 409
908 325
263 410
461 865
865 817
292 413
646 494
491 253
389 48
729 384
253 855
523 998
33 300
300 360
218 848
787 138
106 77
106 407
982 130
413 942
749 278
306 131
292 324
942 597
924 129
468 420
428 303
971 309
434 717
420 87
77 341
841 180
741 648
353 74
330 271
599 127
964 52
568 401
5 880
249 901
868 71
659 566
998 179
841 805
430 808
697 254
328 8
916 758
559 57
963 390
472 40
109 459
508 994
843 100
166 784
784 283
862 286
309 120
847 957
450 192
550 310
306 906
671 767
842 112
546 377
906 514
894 791
936 152
848 814
813 30
843 373
389 477
569 735
61 229
395 358
336 977
385 632
286 499
127 650
303 760
109 731
567 27
71 944
659 746
303 830
106 655
936 985
580 281
894 696
306 414
414 954
430 143
717 296
154 124
472 496
774 18
630 445
512 711
353 811
409 762
358 457
697 820
235 163
292 490
646 520
177 752
791 920
760 119
580 722
737 656
656 724
138 609
758 932
413 914
130 780
166 703
860 225
459 503
61 851
87 816
271 837
5 238
820 948
741 371
563 195
509 123
461 528
349 715
908 297
647 73
8 611
166 359
817 673
112 26
27 644
123 251
320 380
265 72
106 476
482 750
18 153
450 479
808 366
737 170
254 68
811 677
848 399
18 743
963 118
263 221
1 469
33 423
186 227
366 653
650 86
632 16
303 576
265 108
253 708
976 881
227 288
33 889
353 408
112 344
8 504
238 59
611 610
868 12
862 958
271 980
3 714
933 442
18 617
924 258
655 782
8 781
399 337
143 104
328 927
916 713
38 149
617 456
954 142
336 570
113 940
842 775
731 790
106 178
920 897
225 879
783 443
503 720
644 968
238 871
258 340
916 145
456 824
697 590
377 378
11 527
73 302
842 394
179 918
108 273
901 991
457 740
775 506
414 449
963 598
380 832
780 206
109 531
180 197
391 198
71 372
985 441
312 383
566 396
11 436
434 22
523 756
694 718
130 945
112 19
18 458
109 606
399 556
889 357
590 949
920 990
389 988
531 314
258 322
746 236
847 594
324 643
410 85
855 228
33 426
889 397
927 993
113 663
254 543
409 352
809 680
862 583
832 689
767 315
367 140
78 672
395 829
221 207
576 444
916 575
87 577
389 640
263 989
733 651
371 792
344 185
965 58
737 464
444 49
908 796
43 505
753 484
866 331
944 716
991 540
258 870
583 272
58 956
52 969
808 157
647 332
349 269
349 83
933 893
984 861
73 642
920 32
186 28
461 892
843 462
310 264
77 541
411 75
377 350
71 291
808 886
722 818
445 608
273 194
145 518
342 298
776 587
974 530
610 181
989 966
958 565
324 487
38 574
829 200
1 7
997 478
870 37
138 747
490 128
606 557
894 117
136 579
181 626
324 562
74 686
482 890
540 202
487 882
541 209
818 139
924 621
650 907
969 319
37 39
283 873
756 289
646 226
320 467
976 875
457 996
264 517
124 745
860 771
589 189
435 533
320 351
444 764
922 666
885 738
19 102
808 115
186 339
449 684
980 422
558 284
866 532
908 836
837 137
186 785
100 95
179 370
30 529
598 416
611 10
752 382
746 308
575 155
472 141
258 618
583 869
342 182
350 146
189 636
640 50
195 257
84 230
566 586
784 158
83 959
459 857
541 275
194 545
302 500
993 925
457 285
319 525
636 432
10 164
851 846
933 433
152 92
234 62
504 196
894 853
207 953
197 174
718 276
482 421
284 148
519 707
746 712
355 110
427 498
924 992
432 571
83 9
865 553
790 406
846 270
818 343
569 69
594 282
138 267
664 638
464 25
916 440
139 173
427 798
523 376
508 280
650 802
130 205
758 262
656 795
249 884
868 20
314 311
750 398
478 614
464 404
484 825
638 338
38 213
339 535
29 361
143 89
653 41
865 555
924 402
953 453
956 766
677 850
186 739
389 904
85 125
825 162
532 431
16 471
753 91
372 935
664 822
759 99
791 405
796 67
373 972
355 761
130 204
825 788
181 661
207 754
985 176
84 513
764 466
907 683
871 840
784 584
115 356
284 635
84 101
10 171
236 88
570 779
310 316
20 42
29 465
999 645
18 368
808 242
694 188
310 706
311 623
376 524
351 943
136 938
288 981
529 419
989 348
536 727
785 674
977 685
464 793
490 921
994 287
372 926
984 725
291 757
138 874
296 937
767 789
430 929
145 691
125 765
267 54
804 60
756 616
457 214
332 734
48 317
214 346
467 854
472 132
998 447
764 888
198 212
309 548
236 211
146 14
820 375
450 682
440 255
880 388
892 169
85 615
112 81
989 415
825 913
180 658
869 4
825 259
258 973
471 627
138 573
579 641
713 561
548 82
599 15
762 94
749 241
32 266
401 256
326 799
889 305
830 670
754 967
300 13
69 950
325 323
849 215
573 622
784 844
297 625
14 103
256 676
999 203
857 156
663 864
377 744
897 150
626 613
73 736
548 63
735 905
737 475
587 24
281 602
742 216
292 777
166 910
509 983
658 930
646 624
713 823
528 334
361 667
974 947
933 909
610 654
132 452
350 903
310 147
94 133
841 863
372 952
370 165
82 299
670 979
435 883
484 858
170 111
747 290
976 657
396 56
443 975
459 633
570 941
410 730
520 307
475 827
396 690
315 835
553 93
945 649
344 304
62 946
91 634
752 544
416 955
977 705
249 46
370 542
292 454
357 97
145 596
283 578
100 593
269 219
625 438
737 995
286 900
111 47
752 483
131 592
854 501
269 437
213 770
976 687
572 859
443 279
891 763
998 726
290 522
767 986
964 387
901 887
958 187
254 797
756 807
540 274
241 335
230 639
467 250
462 872
870 701
893 915
433 704
85 828
215 585
504 961
86 665
835 6
178 928
557 126
290 80
967 564
999 821
415 240
27 516
757 721
632 45
370 217
25 232
609 345
80 521
941 460
907 526
395 2
499 723
860 172
850 794
33 403
435 295
487 429
509 786
408 582
186 400
343 838
255 333
770 363
297 379
880 619
548 497
422 637
205 539
440 321
971 244
825 856
219 210
202 702
89 911
983 485
95 931
18 354
314 538
759 812
524 688
497 448
240 190
271 728
138 899
993 35
215 160
281 692
705 220
342 116
677 21
575 277
711 923
952 293
876 605
100 845
155 515
864 612
586 268
471 801
373 107
998 167
199 534
282 451
639 662
336 768
165 628
255 364
24 17
941 755
906 417
276 208
706 233
802 507
515 769
676 121
429 895
282 772
182 135
868 681
977 819
786 669
689 962
357 495
860 607
685 660
750 552
730 424
41 470
593 31
583 554
501 70
527 834
798 463
921 327
587 362
62 510
952 168
745 473
415 668
647 76
813 896
756 698
205 64
982 231
494 53
166 301
15 898
911 878
544 260
104 329
402 161
362 439
6 151
364 748
86 902
523 987
431 223
117 175
934 693
781 631
636 201
813 246
452 105
535 34
424 392
762 877
602 237
1 374
696 652
889 601
955 480
497 98
576 831
867 191
851 917
587 732
961 79
154 294
926 183
148 51
374 803
601 833
129 36
515 114
856 184
579 90
873 719
887 252
323 65
274 695
181 588
723 261
724 595
546 318
33 951
379 620
118 347
353 44
366 239
409 23
661 679
744 852
17 551
221 455
191 960
791 699
352 55
890 675
865 224
906 381
477 700
969 560
714 247
303 313
371 604
287 939
680 369
142 248
616 806
503 493
789 474
638 978
908 919
908 710
116 418
811 600
804 591
398 222
758 581
934 603
191 386
456 912
845 709
430 122
989 446
564 800
87 486
177 243
752 629
406 815
223
452
926
223
389
358
459
382
640
294
416
977
891
589
464
388
328
788
660
834
240
746
264
786
789
303
755
61
87
870
264
287
893
452
582
740
429
600
895
603
768
630
334
781
620
268
644
846
459
946
433
681
740
150
901
897
858
690
659
844
22
508
346
23
221
216
242
543
473
94
68
28
937
7
57
811
782
633
586
508
777
934
151
817
98
148
919
768
520
515
909
196
742
820
288
728
358
657
90
318
890
764
428
42
813
909
251
807
337
596
20
557
389
425
806
135
158
525
239
923
950
666
177
62
990
513
965
244
246
561
547
97
160
541
370
121
553
117
619
64
314
400
740
54
895
426
692
95
843
167
203
563
782
303
239
663
59
435
968
556
251
987
652
679
159
666
954
226
879
140
551
73
710
82
522
175
375
508
374
554
664
777
553
344
17
566
22
492
122
809
525
112
637
757
784
39
358
440
185
452
848
301
362
471
341
910
602
614
143
736
461
781
669
898
178
282
453
529
285
587
775
825
691
343
131
125
141
727
499
129
815
32
888
246
81
995
478
44
519
306
295
224
753
95
389
791
890
848
70
356
854
283
872
980
94
53
323
82
136
458
59
172
434
427
329
851
824
148
660
883
933
810
103
932
489
44
559
947
645
483
131
430
110
468
373
805
545
728
597
86
418
701
327
640
528
652
84
952
140
304
545
589
216
76
567
584
725
820
86
441
63
230
914
775
977
371
705
123
85
158
550
8
610
486
266
508
458
41
360
872
317
486
666
283
334
783
931
312
222
468
643
950
332
508
314
61
433
883
13
456
405
336
335
485
926
313
866
916
767
120
541
187
739
285
411
311
23
841
784
228
492
269
262
457
857
277
78
23
993
471
721
768
614
742
601
246
365
468
691
652
856
774
328
440
190
10
930
674
628
132
141
490
461
25
995
633
590
116
970
823
273
889
85
315
939
567
479
792
216
239
160
155
220
76
215
137
667
308
305
351
654
717
466
258
343
881
950
329
772
193
215
988
53
226
966
22
415
844
621
399
509
576
806
799
554
703
639
64
507
988
943
583
752
614
235
489
172
293
537
649
703
715
946
285
796
302
567
250
391
308
289
457
494
736
894
697
762
509
599
501
641
495
537
360
8
614
746
845
260
737
414
189
621
402
874
691
221
687
459
843
495
649
104
89
925
336
734
952
655
714
815
688
418
514
692
441
787
215
177
567
957
718
82
565
599
37
394
596
769
709
134
893
466
252
208
543
733
129
23
777
416
950
202
982
559
542
324
492
703
784
547
498
903
592
260
883
342
240
146
32
960
601
546
260
937
317
823
762
146
771
887
441
516
76
79
956
367
80
801
781
804
673
912
820
653
565
482
774
849
804
699
108
495
184
742
937
926
341
215
696
211
115
399
893
46
60
314
389
352
9
845
888
749
955
358
224
71
250
78
927
965
880
414
271
508
501
768
797
986
626
965
216
45
495
176
225
103
495
727
177
301
939
986
587
474
105
805
975
793
910
136
390
219
707
603
129
164
147
821
854
782
949
122
956
274
686
969
634
472
148
453
48
489
423
291
106
539
124
703
470
13
178
106
4
83
666
535
756
794
13
6
102
645
261
641
986
309
52
627
702
504
822
955
349
969
814
327
131
870
262
756
743
932
624
726
65
370
685
985
705
833
941
452
743
932
921
68
811
470
946
854
467
1
820
682
398
61
415
317
876
153
575
826
927
93
393
898
235
533
856
510
64
356
342
255
795
987
481
993
707
657
349
576
672
776
207
91
873
665
988
680
518
351
666
312
136
746
348
241
323
497
412
594
545
455
723
467
350
286
318
572
116
799
27
561
419
323
381
166
638
695
361
81
627
821
454
616
836
179
682
666
299
952
905
310
675
729
768
756
906
23
769
556
606
355
86
923
182
983
852
705
400
289
652
997
550
673
111
250
446
430
592
961
537
46
91
453
458
905
128
630
641
862
408
678
629
179
784
178
949
283
752
993
629
962
298
282
547
504
333
381
133
501
522
407
39
376
193
126
923
925
888
365
325
888
332
550
904
500
268
210
609
668
453
655
567
150
12
473
241
471
490
186
89
210
753
498
324
101
155
254
198
618
47
664
361
794
740
193
92
902
367
322
250
672
498
733
553
201
769
210
575
717
479
479
681
994
998
822
259
14
891
386
998
180
745
435
8
390
406
604
331
75
890
289
352
384
158
398
551
179
242
778
189
372
25
194
946
11
24
634
465
109
857
872
580
62
115
207
410
393
303
538
480
568
241
367
353
41
