1
1000 1000
1 295
1 767
295 687
767 469
767 384
767 615
767 587
767 688
767 125
767 255
767 331
688 616
767 132
767 432
688 240
688 656
767 398
767 111
767 775
767 252
767 442
767 362
775 528
775 466
775 614
767 63
767 262
767 920
775 197
775 11
775 594
775 743
775 834
920 645
920 251
920 690
834 175
920 54
834 860
920 65
920 90
920 760
920 247
860 130
860 918
918 589
918 526
920 792
918 363
920 995
920 605
995 476
995 195
920 571
995 290
995 640
920 627
920 429
920 751
920 930
995 256
930 980
995 124
980 802
995 137
995 254
980 18
995 134
995 365
980 504
995 610
980 957
980 839
980 59
980 47
995 884
980 887
980 259
980 579
980 787
995 51
995 810
980 479
980 527
995 812
980 42
980 558
995 638
995 515
980 488
995 204
995 471
980 412
980 572
980 881
980 253
995 269
995 725
995 250
980 23
980 533
995 271
995 233
980 372
995 264
995 582
980 757
995 771
980 228
980 827
980 790
980 869
995 983
983 122
983 202
983 335
995 308
995 151
983 173
995 524
983 157
983 123
995 521
995 278
983 659
995 848
983 864
995 503
983 906
983 519
995 407
995 391
995 942
983 883
995 661
995 631
983 811
995 648
983 377
983 611
983 893
995 192
983 351
995 959
983 835
983 76
983 72
983 455
983 439
983 79
983 369
983 617
983 619
983 217
983 666
995 116
983 854
995 665
983 817
983 34
995 952
983 489
983 838
995 926
983 468
983 799
995 807
995 747
995 486
983 461
995 360
995 193
983 481
983 103
995 635
995 430
983 678
995 561
983 891
983 711
995 585
995 323
983 669
983 596
983 3
983 306
995 422
995 734
983 211
995 249
995 263
983 909
995 7
995 569
983 766
995 997
997 712
995 480
997 200
995 987
995 25
997 463
997 945
995 720
997 982
995 998
997 513
997 375
998 472
997 376
998 755
998 394
997 129
998 457
997 622
998 953
998 300
997 494
998 768
997 40
998 68
997 411
998 647
998 650
997 974
997 697
998 104
997 27
998 242
997 754
998 420
998 484
998 427
998 198
998 588
998 564
997 866
997 189
997 17
998 814
997 112
998 773
998 901
998 710
998 603
997 225
997 24
998 36
997 574
997 458
998 955
998 67
998 80
998 89
997 970
997 421
998 443
997 890
997 637
998 31
997 418
997 169
998 155
998 621
998 815
997 636
998 522
998 462
997 212
998 275
998 788
998 716
997 954
997 147
997 600
997 847
997 235
997 53
998 763
997 460
998 319
997 464
997 871
998 748
997 994
997 575
998 434
997 425
998 828
998 769
998 552
998 357
997 824
997 798
998 629
998 888
998 541
998 270
998 856
997 166
998 745
997 30
998 336
997 313
998 267
998 563
998 874
998 119
997 305
998 19
997 92
998 345
998 877
997 492
997 50
997 694
997 730
997 597
997 719
998 652
998 358
998 136
998 279
997 452
997 880
997 577
998 701
998 354
998 15
998 107
997 448
997 318
998 759
997 356
997 557
998 292
998 8
997 934
997 796
998 933
998 261
998 307
997 491
997 139
998 352
997 852
997 176
997 826
998 156
998 245
997 396
998 45
997 140
998 927
998 576
998 516
998 144
998 387
998 99
997 560
998 761
998 664
997 671
997 312
998 142
998 291
998 220
998 77
997 474
997 529
998 965
998 643
998 46
997 846
997 863
997 298
997 83
998 120
997 915
998 101
998 415
998 284
997 293
997 646
997 511
997 833
997 349
998 736
998 855
998 58
998 160
997 325
998 556
997 327
998 783
998 168
997 895
997 733
997 454
998 850
997 127
997 668
997 182
998 5
997 447
998 820
997 879
997 770
997 819
998 361
997 977
997 740
998 227
998 804
998 98
997 81
998 66
998 424
997 801
997 774
998 13
998 272
997 805
998 813
997 288
997 667
997 296
998 373
997 289
997 903
998 872
997 266
998 778
997 48
998 219
998 782
997 133
997 908
998 674
997 506
997 753
998 991
998 73
998 540
998 265
998 32
997 979
997 273
997 234
997 882
997 683
998 859
997 722
998 246
997 118
998 902
998 22
998 10
998 921
998 49
998 618
997 923
998 283
998 689
998 451
997 326
997 191
997 593
997 989
997 55
998 12
997 941
997 660
998 114
997 215
997 222
997 505
997 548
997 510
997 171
997 914
997 724
997 70
998 595
997 958
998 897
997 6
997 948
998 963
997 417
998 686
997 873
998 475
997 402
998 108
997 350
997 342
997 708
997 21
997 875
998 393
998 91
998 399
998 830
997 85
997 187
998 899
997 573
998 962
997 565
998 728
998 641
998 162
998 718
998 729
998 842
998 949
998 946
998 383
997 14
998 44
997 960
997 602
998 304
997 150
998 317
998 392
998 758
998 693
998 620
998 509
998 951
998 109
997 188
998 231
997 482
997 776
997 655
997 371
998 607
998 416
998 658
997 925
997 601
997 332
998 894
997 662
998 853
998 344
998 947
998 714
997 82
997 328
997 972
997 170
997 208
998 612
997 159
998 0
997 539
998 467
997 861
997 320
997 470
997 203
997 913
998 276
997 553
997 568
997 831
997 161
997 549
997 535
997 590
998 465
998 837
998 499
998 851
998 380
997 707
998 183
997 154
998 274
997 355
998 698
997 440
998 523
997 84
998 436
998 500
997 512
997 911
998 110
998 534
998 672
997 302
998 286
997 419
997 61
997 379
997 929
997 75
998 294
998 649
997 205
998 843
997 322
998 654
997 912
997 639
997 791
997 731
997 478
998 702
997 207
997 100
998 704
998 441
997 403
998 537
998 2
997 634
997 148
998 244
997 410
998 520
997 673
997 566
997 530
997 4
997 397
998 35
998 685
997 435
998 691
997 715
998 886
998 485
998 670
997 28
997 789
997 405
997 141
997 495
998 950
997 795
997 889
997 822
998 382
998 623
998 984
997 400
997 310
997 762
997 186
997 146
997 971
998 922
997 525
997 78
998 919
998 431
998 944
997 498
998 584
997 238
998 765
998 163
997 961
997 340
997 297
998 644
998 433
997 153
998 836
997 1000
1000 37
1000 177
998 314
1000 508
998 867
998 185
998 780
1000 29
998 277
998 502
1000 964
998 56
998 547
998 996
998 71
998 536
998 679
1000 406
1000 490
1000 60
1000 309
998 550
1000 131
1000 367
1000 453
1000 223
1000 591
998 625
998 981
1000 483
1000 624
998 401
1000 878
1000 450
1000 742
1000 337
1000 943
1000 781
998 818
1000 898
1000 341
998 86
1000 69
1000 62
1000 717
1000 339
998 904
998 794
1000 967
998 386
1000 632
1000 218
1000 280
1000 630
1000 224
1000 221
998 785
1000 543
998 677
998 928
1000 248
998 303
998 517
1000 793
998 626
998 786
998 907
998 937
1000 496
998 477
998 684
998 825
998 210
998 727
998 181
998 956
998 653
998 829
1000 38
998 750
998 113
1000 135
1000 9
998 976
1000 199
1000 868
998 580
998 368
998 299
998 438
998 741
1000 532
1000 359
1000 809
998 931
998 832
1000 152
998 885
1000 988
998 823
998 493
998 546
1000 985
998 651
1000 409
1000 784
998 599
998 613
1000 74
998 803
1000 201
998 260
1000 172
1000 705
998 586
998 209
998 706
998 999
999 241
1000 285
999 57
1000 990
999 936
999 876
1000 94
999 423
999 52
1000 179
1000 862
1000 844
999 329
1000 334
999 389
1000 975
999 562
999 721
999 858
999 518
999 39
1000 978
999 870
1000 281
999 115
1000 330
999 709
1000 542
1000 538
1000 723
999 239
1000 282
1000 43
1000 680
1000 604
1000 696
999 370
999 682
1000 230
1000 206
999 321
1000 216
999 905
1000 128
999 105
1000 164
999 507
999 608
999 446
999 64
1000 973
1000 167
999 437
999 657
999 385
1000 165
999 681
1000 97
999 732
999 95
999 497
999 88
1000 378
999 16
1000 663
1000 445
1000 935
1000 338
1000 26
1000 555
1000 938
999 236
1000 395
999 559
999 777
1000 756
1000 806
1000 143
1000 700
999 117
1000 316
1000 554
999 713
999 381
1000 229
1000 675
1000 735
999 184
999 196
999 606
1000 739
999 456
999 993
1000 628
999 940
1000 808
999 190
999 138
999 570
1000 966
999 551
999 404
999 93
999 779
999 501
1000 849
1000 301
999 592
1000 932
999 408
999 126
1000 992
999 347
1000 174
1000 544
1000 343
999 969
999 924
1000 857
999 910
1000 772
999 364
999 459
1000 178
1000 703
1000 237
1000 737
1000 194
999 346
999 257
1000 531
1000 41
1000 243
999 581
999 214
999 821
1000 449
1000 841
1000 726
1000 106
1000 413
999 145
999 545
999 986
999 939
999 287
1000 752
1000 514
999 916
1000 738
999 633
999 746
999 609
1000 744
999 695
1000 816
999 102
999 567
999 797
999 749
1000 428
999 33
999 213
999 311
999 598
999 268
1000 333
1000 149
999 900
999 676
1000 642
1000 473
999 892
1000 87
999 180
999 258
999 226
1000 917
1000 865
999 374
999 348
999 388
999 444
1000 764
999 800
999 840
999 121
999 96
1000 390
999 353
1000 315
1000 366
1000 20
999 968
999 578
1000 845
999 232
999 896
1000 699
999 583
999 414
999 692
999 158
999 487
1000 426
521
879
737
758
689
52
18
99
135
684
504
667
191
808
73
363
330
360
423
858
619
260
907
340
935
60
470
28
622
683
795
311
917
158
743
378
365
861
881
207
400
47
576
636
478
18
955
326
588
817
957
559
234
478
721
217
439
214
232
145
843
527
374
537
449
597
503
258
827
15
463
923
570
508
832
708
432
7
636
546
309
439
848
376
84
717
300
390
832
761
395
256
960
464
437
103
204
546
772
819
317
777
358
530
739
527
921
937
274
724
711
642
143
340
932
473
203
771
800
153
710
407
449
439
690
934
494
764
951
403
127
133
493
742
501
471
375
205
441
930
359
929
222
107
168
429
832
426
365
671
395
639
342
676
199
422
573
611
231
516
614
558
63
298
79
549
534
943
668
115
841
870
370
370
831
908
232
459
147
995
408
974
786
9
47
887
410
666
261
476
228
933
998
63
897
917
343
578
948
98
489
616
122
785
400
148
834
970
1000
22
913
33
562
253
780
523
35
354
898
82
373
852
817
362
454
912
979
331
348
453
23
858
494
885
823
301
947
565
340
989
777
910
658
293
409
670
272
78
512
916
340
492
131
209
178
598
953
638
356
992
553
480
355
83
15
237
283
767
22
432
805
387
781
359
357
360
134
6
732
560
144
978
468
535
534
457
646
873
254
754
922
767
546
425
815
587
209
54
697
206
595
137
396
853
196
765
169
740
145
290
668
202
3
435
486
93
115
313
968
393
280
278
826
408
298
979
361
33
531
600
240
198
577
846
68
719
747
844
295
822
239
712
120
16
126
871
316
118
216
736
506
707
414
388
653
842
43
444
318
64
439
209
557
809
46
382
952
982
874
806
298
12
156
349
163
242
875
775
281
922
297
676
92
409
958
764
608
252
270
710
332
392
283
698
296
590
853
651
332
755
141
767
591
690
660
460
843
308
322
831
251
193
149
750
299
962
640
227
21
308
923
457
943
775
749
601
808
468
205
500
286
592
730
74
898
475
342
212
600
780
305
420
528
791
262
68
335
667
733
417
600
353
913
806
520
821
464
871
983
536
684
88
268
392
307
224
725
937
262
906
550
339
669
83
881
245
606
541
865
574
852
446
520
393
338
241
119
269
872
900
75
574
548
930
366
722
585
802
590
631
881
248
481
624
364
561
999
566
573
187
529
414
244
613
805
825
970
267
68
794
525
219
436
215
453
422
836
14
526
909
326
306
70
413
514
482
838
305
211
961
15
269
211
197
266
450
178
251
586
152
86
357
567
732
28
568
793
603
203
715
975
865
925
23
754
589
955
154
557
75
909
329
245
245
278
220
486
127
136
883
414
11
310
510
525
196
280
934
100
182
319
595
279
766
394
180
865
45
982
523
587
339
831
88
158
355
75
111
281
383
734
289
356
251
124
285
54
565
767
121
135
85
82
215
798
301
982
810
687
369
804
902
20
997
558
248
450
233
685
242
402
434
928
479
453
641
737
72
310
654
636
549
369
667
854
283
991
326
356
656
844
890
323
39
257
696
575
245
736
276
552
141
972
724
749
525
662
784
380
276
443
294
513
994
589
721
718
918
824
625
539
396
895
310
450
752
913
662
288
633
784
836
383
99
458
38
659
989
536
813
237
675
602
440
291
962
158
211
331
6
785
335
461
482
996
4
12
747
545
979
192
198
774
749
509
836
243
890
784
548
200
142
589
397
620
550
205
525
319
399
795
580
34
138
234
756
421
913
470
17
845
320
111
978
634
250
205
553
989
979
289
397
618
759
49
261
331
551
691
913
580
976
677
486
131
950
510
511
674
748
859
549
393
141
1
456
950
130
638
615
716
379
235
721
599
515
664
480
333
406
901
73
3
520
200
75
1000
903
707
97
889
818
888
86
874
581
930
937
817
611
789
947
763
443
613
963
276
634
917
633
540
703
476
279
666
681
839
335
524
671
511
98
795
401
254
384
932
562
158
835
245
305
355
938
866
968
770
544
46
228
475
655
281
575
704
920
999
305
221
845
602
168
967
825
966
624
967
461
387
875
56
905
987
194
226
115
487
161
562
331
634
378
141
154
524
346
745
715
27
11
575
426
11
594
409
279
340
336
279
453
320
93
435
421
644
39
268
57
187
305
711
844
510
18
235
970
668
54
984
871
315
270
375
181
95
894
293
815
455
217
846
28
428
900
247
568
464
465
988
325
946
966
310
31
240
979
468
49
949
712
899
776
832
735
652
586
558
96
297
216
971
823
241
273
580
664
122
408
947
738
928
703
778
526
73
797
76
537
882
709
