2
1000 1000
1 454
1 706
1 181
706 89
1 703
1 500
454 104
104 866
703 386
454 537
181 348
348 771
771 832
454 600
181 677
832 456
537 362
1 779
386 603
386 999
779 482
482 152
500 860
703 64
348 65
832 571
1 797
603 800
860 119
832 878
878 871
348 41
871 663
65 989
482 72
537 494
779 186
878 407
989 176
407 916
866 588
72 190
600 417
706 259
860 173
454 166
259 406
152 388
797 96
181 157
96 45
181 927
999 465
386 652
173 859
500 757
388 86
456 44
362 876
388 533
779 316
173 854
832 347
119 964
166 646
186 580
157 235
362 345
348 599
706 402
166 596
859 20
166 291
854 579
482 627
456 278
860 451
646 372
800 60
537 470
663 609
465 292
494 813
797 990
345 619
259 205
456 236
990 689
104 75
609 356
44 38
876 848
89 540
860 36
579 819
157 351
859 350
537 707
916 279
60 265
451 846
402 548
652 587
388 836
587 300
916 675
236 421
579 285
465 448
599 687
300 257
345 419
402 530
205 632
347 737
470 299
388 145
152 899
190 644
494 308
451 343
65 869
190 576
372 637
848 251
899 665
663 713
637 742
689 164
72 215
757 197
75 487
848 626
665 228
190 443
706 549
362 614
421 184
779 856
609 280
871 759
205 31
292 700
96 782
347 375
64 225
916 745
663 546
86 81
348 175
916 82
82 368
646 126
388 94
407 917
451 239
259 709
362 752
94 206
832 488
82 601
706 969
588 594
402 91
619 333
644 605
549 979
197 312
126 602
72 948
677 139
533 567
345 61
259 613
186 317
362 867
285 561
60 68
567 19
206 924
594 70
175 469
343 887
488 395
759 606
665 736
375 440
546 542
421 123
757 803
259 132
38 426
343 577
259 497
542 515
646 274
465 717
186 394
394 798
689 268
860 287
602 380
549 483
561 777
613 49
614 276
627 908
924 970
82 493
316 897
65 550
45 270
871 844
470 574
803 505
836 330
123 177
548 455
469 27
395 496
265 50
500 950
876 2
546 733
119 322
663 541
587 719
372 653
869 508
292 545
157 696
287 556
280 891
65 433
626 641
407 971
891 842
819 272
707 944
970 572
145 818
291 676
632 555
173 472
31 8
173 209
251 479
81 3
27 283
493 730
713 582
908 845
27 434
579 922
922 766
927 376
613 895
632 67
479 911
779 353
197 786
854 370
2 29
388 783
848 321
842 294
556 884
395 921
689 694
372 624
132 965
225 9
766 981
587 781
483 446
276 222
665 24
351 830
579 189
689 961
624 320
576 198
270 534
917 22
577 617
719 767
548 295
417 463
294 404
677 378
733 705
44 934
236 431
9 149
285 894
276 669
767 509
455 284
104 765
181 919
884 585
579 282
189 16
752 399
276 473
395 1000
803 522
652 721
771 923
235 133
515 900
348 883
276 131
550 110
282 128
771 682
990 18
322 792
546 732
981 328
971 436
866 250
436 79
268 584
251 301
110 794
380 401
794 802
540 485
576 680
646 684
291 661
546 293
602 112
94 363
632 849
533 306
854 266
601 510
29 461
848 988
844 630
706 593
652 332
585 559
813 772
561 787
641 390
919 984
771 575
717 281
541 720
584 933
75 760
533 10
461 589
433 196
694 174
522 142
736 414
818 147
509 513
436 34
605 625
687 32
803 314
794 172
128 649
421 699
272 565
613 769
950 151
317 714
27 441
285 520
984 468
350 893
737 379
999 825
206 329
485 853
944 233
433 570
917 738
270 611
189 715
362 369
665 471
404 46
561 523
717 478
189 114
132 37
689 590
596 863
533 245
421 340
779 516
34 244
375 527
856 143
451 951
276 931
599 243
676 435
646 275
832 255
317 690
497 106
496 729
301 959
114 327
369 450
887 33
151 178
922 674
291 188
308 387
327 788
283 716
717 252
893 880
548 371
461 975
911 449
316 768
981 17
588 552
322 993
470 817
494 639
584 101
993 489
294 881
376 58
372 427
881 503
178 823
188 200
853 563
565 47
427 562
797 997
585 339
802 57
626 498
614 410
375 554
600 201
599 775
730 107
641 671
200 144
894 857
505 118
854 708
933 125
371 929
663 685
118 892
863 48
916 749
22 256
933 615
534 656
321 686
911 920
520 936
198 926
671 739
853 242
450 955
20 547
767 902
520 953
860 712
736 216
322 623
766 337
283 521
926 365
853 248
132 758
527 217
509 702
455 912
897 634
959 389
41 925
577 298
455 519
700 452
765 885
603 180
783 724
705 668
965 261
606 829
845 918
571 85
454 834
619 618
70 688
190 826
389 323
936 459
671 581
379 288
96 226
497 442
189 598
330 812
217 195
975 121
174 260
46 124
652 608
690 80
866 791
627 210
927 870
832 820
36 872
876 506
500 116
772 790
233 957
609 56
989 100
1000 338
328 405
244 865
682 311
716 481
80 947
106 156
337 538
703 411
149 302
46 354
452 146
348 958
236 384
473 357
124 977
394 230
948 71
306 480
119 536
402 754
881 4
834 202
513 12
376 264
570 474
690 392
2 490
758 654
603 650
715 672
180 612
516 199
48 784
537 28
580 888
759 666
389 879
845 213
172 192
829 373
908 76
362 727
427 220
440 693
706 315
929 678
164 310
67 418
727 711
347 460
619 193
91 90
703 66
988 122
865 583
427 511
338 148
522 231
923 352
188 941
791 185
677 801
487 491
582 219
58 5
970 486
225 643
644 111
579 40
745 664
399 153
193 607
144 877
402 640
228 428
912 633
291 102
934 290
871 851
339 996
996 129
133 464
601 940
640 240
180 309
863 620
981 827
671 134
131 194
690 413
180 691
22 477
33 972
794 502
891 214
676 645
555 277
585 161
702 262
298 805
36 692
899 976
320 726
559 776
473 42
446 810
941 942
417 425
48 95
239 120
632 793
300 169
693 377
265 531
534 324
309 325
290 335
942 937
285 403
999 992
259 638
368 946
727 799
370 358
175 254
205 904
146 681
685 137
133 795
552 241
917 591
242 568
671 628
581 326
530 453
709 518
259 83
691 204
745 943
856 385
505 773
180 780
347 158
147 246
79 429
329 913
190 852
883 987
178 873
294 816
100 360
152 135
222 424
392 400
50 673
897 914
388 420
516 535
377 635
357 868
213 683
798 604
777 939
474 526
800 140
213 15
853 551
712 23
299 901
779 286
787 875
335 698
209 621
852 7
693 249
803 985
158 935
767 331
320 499
876 416
559 629
255 229
294 697
266 616
464 232
851 495
795 648
477 807
29 51
551 647
352 289
712 898
330 492
204 30
779 659
181 412
549 14
387 336
714 223
67 564
37 88
899 837
953 722
126 155
921 397
2 835
10 466
795 211
935 507
706 838
844 631
645 87
101 595
732 224
965 78
201 150
394 746
459 97
369 398
242 843
799 218
527 115
537 701
308 983
859 874
694 864
611 304
716 806
433 841
602 747
169 475
950 504
265 55
82 597
118 903
706 484
139 269
825 945
353 227
914 560
936 159
772 501
694 704
737 163
486 915
461 710
844 974
5 735
959 364
664 753
292 476
217 415
768 573
534 445
259 748
121 127
554 569
262 39
611 695
294 734
398 610
999 439
27 346
336 136
343 824
39 408
953 741
730 103
825 763
865 117
24 92
316 258
502 889
496 396
186 750
779 728
832 179
567 655
654 182
416 334
151 770
655 956
781 183
201 744
22 651
378 366
865 13
71 318
17 840
495 809
176 529
1 986
122 165
347 423
398 938
460 839
214 814
772 98
562 444
613 383
266 381
477 191
870 267
841 658
674 774
239 886
204 566
254 660
797 344
419 592
302 170
881 422
854 297
72 341
289 154
46 822
159 995
134 84
241 954
935 432
775 804
384 528
30 313
362 743
653 850
45 998
490 982
886 831
67 26
750 467
700 208
58 553
887 359
286 723
103 558
496 796
469 815
123 778
170 221
439 138
630 63
505 207
479 962
121 53
213 212
771 141
722 858
559 718
170 113
566 578
746 963
492 761
92 391
753 636
182 731
845 238
699 203
771 725
165 906
884 162
370 517
75 109
454 586
877 670
57 890
210 524
597 93
304 171
565 263
943 532
644 930
291 271
601 105
297 307
434 833
782 393
953 785
753 99
701 622
335 74
692 968
270 789
647 62
964 349
844 847
777 855
650 764
491 811
717 978
989 77
293 544
304 11
922 907
643 305
290 896
996 355
145 168
88 447
166 273
95 342
541 438
88 512
830 967
958 25
123 374
854 662
955 73
272 367
179 539
724 966
894 932
218 882
168 382
286 740
591 430
39 303
317 994
674 237
937 910
183 905
96 762
690 928
534 160
373 751
104 525
654 557
412 980
197 54
470 514
412 756
526 130
238 52
312 821
877 808
674 991
20 543
849 296
402 43
604 187
248 952
889 21
614 755
533 462
77 960
662 862
348 861
938 828
7 949
534 167
160 6
32 35
455 657
274 253
834 108
427 69
397 247
364 642
619 59
442 973
582 458
973 361
422 667
376 319
466 409
201 437
849 679
924 234
406 457
971 909
577 617
442 853
181 641
4 566
224 449
75 735
390 400
65 168
610 930
962 558
177 342
107 336
768 633
435 937
279 823
127 327
232 743
147 789
231 77
521 342
870 493
385 151
532 359
703 314
905 518
409 171
253 26
19 45
877 707
296 324
70 609
436 368
417 285
714 653
243 195
949 854
428 620
30 483
478 909
157 658
690 611
122 981
846 695
582 910
735 488
338 499
837 602
573 321
914 34
98 287
563 869
106 168
126 774
146 638
541 57
440 360
859 340
669 385
381 218
107 428
17 122
334 716
857 469
449 733
982 249
968 167
878 618
739 491
895 174
417 255
138 900
162 720
173 677
803 915
610 293
174 304
36 783
1 384
560 112
127 585
557 789
611 75
936 526
512 237
845 64
604 479
156 532
974 577
66 116
869 993
463 589
934 226
732 957
71 52
219 330
708 824
502 716
980 834
296 882
588 977
344 850
979 862
2 957
323 77
17 424
470 714
164 131
440 125
463 700
429 559
807 397
645 520
358 63
587 779
305 947
456 369
539 157
119 670
785 354
546 127
460 676
568 597
145 217
119 205
857 244
428 449
809 857
441 386
891 8
299 598
863 196
93 365
915 134
162 522
221 456
983 654
976 520
247 624
89 935
875 415
762 970
403 64
118 326
102 23
208 664
922 752
762 539
725 49
614 392
455 44
650 730
97 497
3 764
224 7
953 466
145 695
477 253
5 902
373 38
874 945
716 378
372 646
863 149
440 988
635 501
92 312
692 166
357 452
271 513
507 506
167 885
12 252
360 912
406 870
816 95
587 511
778 775
193 33
461 557
123 360
197 706
665 72
350 708
521 918
961 283
152 232
202 365
253 815
100 831
902 677
852 795
458 533
330 846
236 524
99 654
911 570
243 794
564 20
268 483
318 117
361 286
530 763
696 709
463 141
17 799
495 634
12 713
984 554
836 786
260 279
224 803
497 952
201 450
420 150
508 312
85 74
642 354
94 322
294 483
794 528
788 876
285 306
283 31
725 993
517 200
474 817
34 411
832 469
188 853
985 878
513 902
152 181
976 447
659 981
427 546
747 329
871 548
335 894
62 920
120 938
537 745
129 745
765 204
606 490
876 783
361 729
91 56
301 481
302 89
695 45
637 201
571 364
62 209
905 384
198 209
18 685
603 49
347 578
425 42
594 746
436 906
30 370
839 173
723 571
626 724
708 941
21 49
942 516
176 362
991 877
409 32
629 178
478 74
446 638
377 997
980 256
134 359
862 525
742 819
327 15
196 317
72 166
497 539
572 590
905 479
56 596
397 897
227 901
273 340
195 812
555 62
537 688
184 357
780 89
702 344
727 282
312 851
6 635
452 452
672 215
616 677
57 120
600 944
33 660
128 706
710 91
552 882
800 253
840 290
104 553
981 333
508 488
758 963
628 443
514 778
848 979
37 690
520 694
884 781
841 477
423 586
848 561
215 403
698 41
327 792
84 125
10 504
682 905
863 928
522 91
462 635
980 871
237 542
88 387
165 243
594 883
721 357
996 629
75 775
968 816
877 475
139 41
19 426
858 994
43 246
990 731
213 107
216 775
285 613
80 88
456 462
271 84
335 802
798 49
720 278
25 238
100 963
788 99
967 903
254 529
161 848
623 109
791 77
631 185
91 490
351 114
940 209
477 969
61 156
149 809
408 687
123 685
571 534
764 477
329 292
547 21
841 741
130 345
480 675
481 454
89 465
734 529
50 98
450 81
793 114
650 516
322 798
120 721
325 16
574 141
846 839
504 852
944 202
691 398
500 336
841 478
178 261
717 5
786 580
890 223
727 329
51 402
762 44
640 131
790 229
674 318
625 999
259 894
942 556
226 924
214 867
197 799
646 876
504 109
803 5
999 292
319 947
674 719
541 261
665 959
566 973
915 64
231 811
669 705
552 85
686 724
810 886
845 874
190 89
155 873
626 46
149 732
438 553
831 696
283 166
150 9
563 990
498 844
844 127
769 466
494 874
704 532
364 490
474 913
24 10
111 850
364 123
682 53
963 780
904 121
732 298
107 466
55 628
193 432
646 132
810 888
560 606
413 899
438 250
175 41
426 59
100 512
224 206
67 379
530 568
439 733
407 875
936 582
933 268
493 263
644 272
366 634
895 673
166 631
158 185
848 501
330 600
545 127
53 206
112 873
448 515
930 631
177 394
265 287
68 28
617 239
400 798
193 342
517 118
746 515
17 239
489 49
483 129
176 761
672 474
668 441
975 885
414 920
675 61
27 446
453 55
742 877
983 68
22 683
156 30
42 838
42 911
389 909
951 275
910 706
689 951
585 776
662 849
152 455
47 24
470 622
263 728
228 595
66 429
96 878
171 959
809 328
268 878
149 248
225 911
896 100
404 778
284 391
52 709
844 730
616 400
718 877
872 169
633 676
281 572
937 221
646 930
210 925
172 806
578 221
575 712
347 336
40 388
544 768
753 342
651 154
19 332
396 876
587 237
360 532
128 690
520 981
494 641
828 633
170 603
486 295
531 781
911 273
61 638
207 760
121 422
495 841
61 957
388 999
605 649
24 409
697 230
188 720
49 139
729 671
675 89
319 280
328 306
12 374
979 669
932 616
287 632
822 962
225 654
51 821
276 783
884 124
624 356
782 72
260 676
80 124
479 281
65 22
454 42
383 626
720 963
15 163
847 482
513 141
146 270
75 914
221 719
23 764
759 896
511 775
527 310
579 751
253 133
456 88
113 215
624 910
723 621
600 143
191 798
374 658
125 731
775 146
275 763
594 689
166 412
403 976
474 24
337 383
333 630
974 802
128 151
678 797
988 911
955 372
269 391
679 854
280 631
294 8
234 956
595 924
492 844
954 682
542 322
542 576
61 164
426 393
826 147
564 688
768 511
4 158
697 709
876 957
239 347
400 267
147 327
357 171
866 772
817 185
113 423
550 612
607 705
6 843
849 252
812 597
810 935
902 592
682 533
617 489
301 65
528 902
255 401
397 905
422 528
97 215
548 622
412 579
54 312
872 730
37 924
620 672
586 954
593 206
597 768
154 867
801 306
937 26
467 697
466 428
285 697
893 891
914 893
57 968
594 420
665 965
981 844
190 466
58 449
20 245
415 724
607 369
357 444
637 267
900 842
994 38
172 157
91 18
897 170
922 527
853 219
873 697
101 357
778 197
406 925
887 561
944 834
383 187
776 823
39 535
791 650
994 557
538 909
796 730
833 727
279 959
607 607
928 818
465 419
698 435
338 338
178 162
605 1000
486 290
80 351
730 233
708 673
422 319
579 27
805 588
695 802
657 513
572 834
559 827
91 226
674 627
128 968
842 873
806 469
624 691
944 855
523 681
708 453
133 806
564 189
610 301
505 206
734 362
600 776
150 711
664 784
876 572
900 927
293 791
126 598
358 250
575 312
7 291
309 416
97 896
122 486
275 882
708 534
17 877
210 601
116 16
372 266
200 135
777 764
886 772
643 271
506 19
744 831
416 741
250 264
546 128
982 859
720 929
781 273
321 610
716 906
327 70
875 681
161 165
93 32
893 611
405 287
690 401
764 608
113 688
620 231
379 70
772 958
747 465
472 410
112 990
611 878
687 284
252 755
684 712
211 689
717 923
96 884
988 981
8 216
792 64
993 78
803 838
106 349
481 835
321 589
769 560
171 806
553 797
605 527
669 634
857 122
599 330
723 866
38 475
947 914
4 241
372 802
324 66
541 453
829 899
450 890
310 667
195 332
473 513
94 916
831 33
940 383
56 886
595 164
197 941
508 158
497 526
602 14
438 211
473 503
560 382
483 794
161 69
538 804
203 298
252 861
495 536
293 155
883 419
248 769
998 173
511 32
406 179
990 500
624 125
554 489
863 437
880 249
4 83
53 290
780 939
533 633
991 412
287 873
186 424
772 973
121 220
511 537
704 615
152 286
160 103
657 422
805 133
212 573
596 259
589 203
512 571
102 518
904 372
155 979
104 698
250 543
687 126
62 682
384 768
495 198
497 805
253 631
14 961
468 396
745 940
596 957
113 484
244 240
224 764
151 641
319 664
838 837
987 290
906 378
232 80
916 169
984 621
7 887
592 839
959 314
643 198
401 918
199 82
560 175
727 315
961 107
984 845
92 387
81 112
236 222
834 21
77 148
503 433
397 826
525 335
961 281
613 723
473 619
388 720
935 303
285 265
887 556
629 547
371 374
119 556
107 646
908 282
280 875
571 265
51 527
731 747
448 335
78 307
218 724
953 441
583 552
392 964
405 99
983 584
318 976
317 620
667 433
373 537
717 142
965 334
41 802
292 976
239 328
923 758
917 266
639 849
369 483
68 902
902 664
235 251
819 944
943 907
840 35
115 130
110 788
414 929
19 551
972 550
349 491
133 751
564 993
954 200
38 308
648 574
711 944
492 564
158 442
995 113
435 965
191 986
285 220
351 5
919 598
675 326
139 619
43 403
292 503
694 770
504 183
66 658
584 988
634 211
436 766
752 936
860 660
227 521
45 835
918 741
482 672
79 17
