2
999 999
1 703
703 219
703 615
1 471
219 463
703 529
1 958
703 645
615 986
529 527
615 534
463 26
219 369
471 779
527 588
645 475
26 980
534 499
779 841
588 220
463 582
369 844
463 27
980 376
499 923
27 285
219 591
588 731
645 822
471 200
200 273
527 224
200 382
26 935
200 110
382 953
844 973
499 178
220 655
588 56
973 453
591 814
26 293
369 673
1 390
499 353
615 576
273 992
56 593
376 614
593 79
841 852
293 354
79 709
463 170
709 799
285 997
475 867
986 716
779 257
867 990
958 401
582 144
56 60
26 104
822 538
958 207
257 365
576 502
285 218
453 72
992 223
26 598
219 570
27 94
353 250
94 5
582 47
365 127
822 713
973 101
570 717
582 39
615 521
973 857
731 960
717 648
200 427
717 773
527 24
521 490
990 307
779 691
365 418
490 675
60 437
655 882
953 378
72 941
273 825
614 446
538 492
980 947
94 617
378 672
814 331
492 387
378 489
822 855
857 842
852 388
576 245
127 959
471 484
709 296
570 123
273 940
484 853
534 4
973 261
990 984
499 173
220 481
779 349
293 97
307 295
250 342
427 329
342 711
521 53
101 536
709 179
223 32
490 164
853 328
973 698
940 151
94 733
328 65
24 831
923 77
867 360
940 976
104 809
401 92
32 196
997 186
534 102
844 2
102 271
779 121
307 789
207 171
382 635
984 75
453 6
427 810
521 420
360 612
186 156
935 175
598 258
92 203
773 252
853 269
648 927
387 213
220 131
258 995
328 800
711 702
698 486
825 642
733 829
131 314
369 155
844 830
475 33
521 599
196 688
489 103
857 525
27 594
635 571
203 530
490 781
594 726
218 416
427 198
92 225
800 873
4 50
110 728
481 693
331 288
72 547
598 956
489 901
418 892
571 545
941 348
882 563
382 712
502 169
213 305
781 911
547 419
354 743
716 425
269 187
378 74
527 681
416 813
489 40
50 192
997 685
831 124
94 613
196 797
545 147
713 372
953 631
295 34
353 664
489 898
898 43
360 606
613 747
984 778
123 45
390 230
123 48
223 461
131 185
830 345
953 28
53 211
156 159
123 356
185 564
664 864
348 936
713 790
588 748
693 860
529 133
499 796
691 887
28 872
416 900
1 874
378 510
564 585
594 337
159 759
986 551
56 649
296 854
65 592
829 756
941 740
852 817
296 818
328 764
486 202
685 315
570 373
225 671
211 512
202 309
530 98
365 67
872 771
187 161
198 158
606 982
331 601
382 722
378 25
857 949
536 37
261 470
743 333
728 566
698 639
437 558
743 321
874 17
388 519
519 699
645 934
551 70
296 483
818 820
67 719
797 49
882 851
257 804
756 149
17 574
882 80
305 462
947 91
898 36
702 436
571 668
671 85
56 720
4 865
179 951
699 888
631 165
219 506
576 326
127 754
97 883
547 803
250 632
591 772
748 143
483 249
800 396
570 374
261 602
245 833
354 367
854 622
673 468
645 977
207 933
527 130
733 118
161 620
529 303
814 974
995 477
387 767
321 424
882 683
213 323
416 206
898 899
566 823
804 554
252 428
554 783
92 254
778 568
601 137
354 695
303 812
161 68
672 665
558 20
492 945
545 776
25 244
810 386
592 83
446 443
252 701
521 920
315 516
591 676
470 370
49 318
783 279
118 769
419 798
32 58
296 572
502 239
554 111
631 379
27 988
271 495
370 274
675 44
367 377
83 298
58 256
995 465
525 447
797 135
830 442
315 580
865 910
477 114
773 526
288 456
468 498
823 766
798 90
731 553
648 71
927 677
442 736
899 925
94 359
178 434
461 251
872 286
333 689
731 541
588 638
67 452
463 869
249 837
701 300
527 979
124 421
588 836
580 128
547 116
44 686
323 826
534 16
161 21
956 435
541 229
94 417
379 850
974 457
373 8
328 651
123 744
617 270
128 383
685 904
935 808
6 460
519 160
377 714
681 407
558 697
170 930
161 863
986 385
703 565
565 834
420 163
571 921
300 488
360 162
416 409
574 971
26 628
171 10
521 950
898 212
114 107
971 454
4 263
25 78
934 573
75 9
78 414
446 692
211 919
258 805
58 458
49 339
814 627
374 357
331 324
360 806
68 870
65 246
499 63
307 775
869 109
628 828
495 761
48 532
541 679
925 422
825 235
379 466
990 644
307 760
506 242
20 561
901 793
775 908
128 183
102 231
489 389
435 364
789 518
83 579
940 596
231 238
385 849
75 19
573 597
959 819
377 968
831 182
644 208
857 227
370 634
212 608
518 7
920 247
143 856
529 848
899 199
716 210
7 336
541 637
463 708
689 148
883 970
582 132
63 205
534 975
36 569
33 621
919 868
486 168
933 136
162 31
4 381
632 581
773 494
804 751
677 181
778 548
974 624
743 859
50 623
178 533
359 684
149 511
9 815
736 577
447 450
80 476
775 87
151 792
716 23
856 216
767 877
558 724
256 472
502 400
867 700
554 723
244 167
836 322
456 680
470 312
428 584
269 485
506 678
574 876
417 696
321 478
495 51
50 659
229 55
470 802
68 523
17 325
748 363
409 991
420 352
882 967
165 763
709 507
761 583
813 267
124 704
369 626
202 811
637 654
536 732
91 112
388 633
930 862
121 145
936 643
247 358
50 653
33 801
803 233
185 875
94 567
256 847
489 253
329 319
457 272
270 264
286 18
379 916
94 705
419 493
168 707
817 108
168 371
551 120
21 884
70 845
819 190
732 3
596 86
736 669
859 14
303 889
168 690
797 998
689 30
87 715
888 757
900 391
422 504
101 439
927 881
267 88
726 214
620 765
418 912
322 290
731 816
21 738
7 327
227 600
571 440
545 727
381 786
945 240
382 666
132 280
285 398
676 636
175 924
463 835
693 674
631 473
489 611
883 543
733 217
109 605
490 276
365 500
114 957
238 539
349 334
473 546
853 505
624 335
102 69
881 194
530 782
364 555
205 146
581 152
326 922
121 237
396 411
862 931
414 403
276 770
980 902
776 189
959 983
820 384
169 895
819 560
419 535
747 294
714 394
28 821
28 954
77 662
797 907
203 556
250 866
101 952
659 397
986 987
21 618
555 962
24 487
916 630
645 313
715 938
835 575
466 513
851 64
887 755
329 515
532 89
238 268
959 963
175 375
810 289
644 380
199 758
551 890
551 310
852 544
782 22
953 46
953 514
954 338
359 399
376 482
693 944
938 113
635 469
85 304
799 474
468 141
272 138
329 694
133 445
458 432
806 660
882 943
18 62
775 897
830 392
33 262
756 184
921 787
783 177
118 66
717 762
186 355
392 341
733 607
877 291
327 430
949 449
224 423
713 994
102 346
79 234
494 891
686 81
146 119
933 287
396 718
148 586
919 76
513 929
533 989
796 209
173 129
58 222
513 616
272 609
456 807
488 706
425 497
10 832
307 932
884 35
76 946
103 774
850 939
1 281
383 241
613 528
544 501
145 166
286 100
7 191
192 737
428 625
708 646
950 729
829 204
799 750
323 350
514 905
866 42
453 658
821 316
104 201
328 661
286 464
446 395
800 444
493 647
447 441
616 928
430 277
487 266
899 996
237 734
547 406
3 725
370 448
342 52
478 275
466 283
533 93
507 641
391 909
765 587
250 282
679 578
198 595
21 193
341 84
436 794
461 255
975 54
607 788
764 320
760 153
222 906
26 604
679 467
394 232
321 838
83 710
391 650
671 785
250 188
488 480
443 858
765 429
375 687
803 125
668 871
620 978
18 682
692 955
266 721
602 795
710 491
867 886
452 299
466 937
391 537
274 438
551 57
785 878
51 562
100 913
858 236
19 479
582 29
384 344
40 59
225 38
460 879
870 73
403 508
838 451
395 139
661 517
809 965
517 549
193 942
456 413
452 885
358 410
187 559
611 509
86 839
897 752
812 917
212 301
616 993
807 540
344 248
615 105
494 914
793 278
747 361
273 753
45 11
977 496
892 412
927 903
427 340
956 455
262 969
483 140
445 117
738 520
231 343
864 284
286 41
373 827
728 824
802 330
703 880
364 157
979 106
464 768
208 180
944 12
939 915
483 961
911 317
160 964
293 332
159 221
204 730
763 362
371 735
238 195
301 154
346 663
262 985
201 405
195 82
450 122
566 524
384 308
92 215
666 243
338 966
645 981
816 999
888 259
255 550
141 619
319 670
958 846
862 134
201 426
485 404
352 265
208 590
68 667
809 531
231 745
499 433
383 115
158 629
748 61
514 896
244 228
344 780
187 306
538 893
862 431
101 843
687 542
213 368
45 657
59 840
907 552
304 197
180 610
446 791
998 408
904 95
205 99
660 861
655 311
1 557
979 292
345 142
754 351
76 172
1 347
186 174
181 126
881 589
706 366
893 150
548 972
967 784
671 652
485 522
128 15
225 393
81 226
542 603
520 746
672 918
840 739
103 176
149 640
393 777
867 503
618 742
500 459
466 297
496 402
560 741
668 415
657 948
139 656
418 926
781 894
518 749
948 13
660 302
604 96
219 260
437 531
649 180
561 510
167 665
764 777
67 566
408 133
148 575
161 94
672 260
394 682
237 332
658 502
461 511
467 322
392 259
143 174
480 362
319 202
166 631
579 780
427 847
491 110
113 665
635 623
171 855
78 707
967 93
652 880
621 988
274 945
670 89
356 203
169 17
279 153
883 228
230 184
142 82
550 911
814 950
590 585
452 214
265 395
408 517
740 138
981 957
723 519
62 784
966 731
864 599
604 235
72 333
122 367
394 994
876 519
610 238
2 208
232 100
613 731
470 808
703 632
959 956
242 213
535 43
171 773
16 628
494 20
111 386
12 700
929 101
456 561
738 411
378 776
594 113
682 199
71 449
672 808
682 511
579 1
880 921
780 992
69 208
424 129
517 731
844 328
846 164
857 952
472 269
293 523
501 862
966 520
129 318
318 13
149 376
350 623
747 891
280 599
848 51
885 473
580 341
923 387
892 590
537 395
244 531
29 787
90 861
69 83
566 456
151 104
14 321
306 106
130 127
890 360
511 310
619 155
330 697
712 957
649 446
333 174
344 170
275 951
57 385
619 288
169 428
648 652
318 581
517 567
893 418
688 802
675 260
275 461
405 22
68 427
69 489
124 287
788 855
444 398
641 180
691 858
727 763
339 318
416 963
52 755
486 662
518 928
752 964
847 371
443 955
444 67
805 8
618 457
248 447
484 825
519 779
119 517
984 989
15 572
781 182
812 696
100 202
86 561
511 589
448 737
925 850
16 156
354 117
909 877
255 540
97 694
941 99
853 68
738 973
593 852
810 196
451 205
446 324
850 431
96 490
774 587
669 240
799 371
883 589
104 708
716 931
978 808
639 670
371 78
735 363
97 127
732 872
316 640
647 663
64 452
49 979
975 591
821 462
595 439
123 699
655 650
880 516
573 690
989 315
225 10
939 293
260 510
316 940
97 133
77 523
682 955
349 233
751 958
526 641
432 307
236 928
63 342
66 802
81 416
259 885
103 659
692 225
213 38
81 331
323 216
540 706
455 558
184 884
158 318
654 154
411 403
537 161
985 890
760 314
51 413
337 685
461 280
266 208
625 585
760 184
586 574
101 683
124 71
451 922
658 474
198 844
932 361
998 545
585 986
125 184
513 675
468 991
572 75
986 799
346 938
860 215
881 834
837 387
511 399
974 543
872 363
728 355
530 162
564 82
914 642
241 843
843 231
867 310
428 795
180 483
660 955
678 392
626 323
763 619
467 102
804 598
777 201
132 182
164 466
501 777
231 260
141 103
982 446
284 654
403 762
207 662
960 870
478 112
139 276
830 605
450 739
853 875
14 933
691 90
92 48
738 105
781 528
79 237
290 255
573 455
118 147
960 172
735 430
268 715
587 138
981 340
923 815
700 783
367 119
607 768
91 325
780 147
967 484
346 621
572 306
687 258
894 428
794 105
715 363
918 880
150 902
180 780
201 802
572 380
995 827
677 611
513 230
448 288
370 615
648 782
8 358
660 873
892 292
916 279
825 777
182 992
351 502
881 122
664 244
944 735
449 278
26 983
990 378
167 641
880 463
384 592
456 646
334 985
741 921
94 580
747 739
670 74
846 79
49 168
544 22
584 733
733 791
626 307
555 170
316 917
779 537
678 286
863 324
153 372
670 918
584 901
505 337
588 520
788 826
515 840
636 163
827 972
766 838
931 812
816 354
128 791
132 648
162 83
841 409
17 460
464 541
250 404
298 69
936 452
183 180
465 60
623 933
91 133
950 117
511 742
39 210
409 705
437 411
849 321
538 814
870 713
810 193
215 200
724 639
665 760
541 830
174 853
172 491
756 936
619 162
37 75
164 297
710 326
628 843
328 888
482 101
794 327
691 944
357 3
212 640
55 110
130 551
401 173
306 480
315 40
593 157
122 88
305 480
681 210
453 363
76 331
857 187
362 446
16 877
520 274
808 806
440 626
591 294
291 660
939 687
309 981
507 7
546 289
6 989
558 815
162 258
921 192
172 64
751 366
801 718
591 339
270 674
740 643
280 751
186 520
977 759
288 919
241 70
180 770
522 317
231 82
560 217
739 655
927 482
665 646
996 198
118 325
209 206
939 121
734 104
550 274
76 406
741 479
255 604
26 678
524 468
53 942
866 129
432 31
948 356
483 741
944 582
844 659
382 898
372 47
952 602
49 15
67 173
80 512
492 852
537 299
517 301
757 929
887 43
836 244
89 523
463 359
848 795
740 928
570 184
822 320
681 768
785 70
446 763
709 174
678 406
906 893
750 908
895 909
932 55
134 244
940 905
170 666
16 282
527 543
689 225
652 47
499 17
221 628
123 659
341 655
706 225
809 913
84 502
717 547
112 454
827 604
948 101
590 932
223 74
117 499
70 124
125 578
819 138
141 737
278 30
955 150
85 440
234 714
787 825
755 95
427 993
503 358
493 239
149 962
736 483
632 527
454 944
797 197
867 64
862 200
571 851
497 436
558 773
823 792
815 832
445 735
133 631
829 728
136 903
242 816
670 410
63 116
531 659
166 9
182 30
110 721
21 158
470 425
860 761
748 910
681 633
369 860
374 836
400 698
809 973
735 975
706 153
406 862
723 718
582 369
155 870
904 129
554 546
996 837
209 600
647 185
795 833
492 632
104 107
917 83
472 337
666 915
659 197
189 397
74 555
388 65
367 879
476 318
425 681
701 990
560 116
773 449
993 491
252 824
505 695
149 693
915 476
650 949
954 610
764 932
191 152
656 318
477 696
904 347
659 710
393 404
383 637
769 962
254 171
300 619
959 475
888 766
472 225
710 104
316 319
576 532
463 845
14 37
105 952
165 695
401 317
718 783
391 567
239 8
741 233
854 94
54 486
240 519
486 329
991 446
931 191
51 503
847 697
38 197
801 211
892 742
205 407
252 525
527 941
746 21
46 791
644 529
214 357
155 900
729 482
664 488
236 275
59 483
115 292
33 282
528 269
75 622
346 538
649 287
533 42
453 591
532 722
530 106
382 93
693 180
675 843
827 252
779 841
54 573
227 930
944 186
310 409
746 658
9 902
134 240
475 838
884 282
257 999
821 570
431 197
952 197
249 264
354 167
929 642
855 857
7 451
924 891
685 698
933 710
904 958
979 353
730 178
67 378
580 66
438 509
912 45
891 986
604 695
648 689
691 48
510 441
222 272
95 899
860 373
995 76
699 319
411 688
697 26
261 415
663 301
37 8
23 94
969 592
787 542
729 713
362 709
102 324
790 103
54 69
639 273
240 579
612 730
31 884
313 247
883 807
576 235
312 215
940 845
463 499
393 470
778 236
552 202
382 985
185 914
301 566
673 830
507 907
387 473
313 175
626 668
670 511
526 580
568 392
90 397
426 28
280 678
361 671
224 791
57 441
923 167
430 803
474 633
470 947
12 625
767 755
719 202
83 172
207 171
432 823
933 576
13 526
524 369
178 781
557 332
484 120
256 986
568 870
125 485
753 342
818 874
129 274
467 994
648 288
567 99
295 682
178 478
809 929
654 267
814 694
334 361
72 333
565 325
709 268
173 263
347 268
904 993
350 490
702 230
23 402
238 989
921 180
469 249
389 754
94 604
688 361
979 477
80 424
575 481
283 144
218 303
984 130
420 381
295 378
891 403
880 819
823 763
268 238
421 859
528 4
489 571
481 469
795 2
31 885
66 310
901 136
801 889
127 581
506 966
508 277
38 451
346 559
716 556
189 107
555 409
211 369
504 43
219 251
97 179
552 238
755 45
262 759
197 701
932 776
552 273
628 317
219 308
662 137
166 19
10 42
77 244
767 802
982 33
75 285
16 192
419 326
202 205
266 265
743 264
76 271
593 469
455 512
604 872
926 175
372 30
149 695
383 811
916 739
228 249
276 269
213 224
366 767
100 641
281 441
262 720
720 550
153 526
359 579
480 236
536 631
254 531
675 157
500 253
94 679
71 521
245 458
165 161
471 191
772 564
337 106
508 843
920 287
771 25
718 53
440 154
538 550
667 832
906 636
862 734
741 898
148 371
910 9
204 868
842 311
581 709
968 545
680 862
999 54
165 585
270 503
684 117
774 16
791 366
421 466
310 140
408 220
955 472
488 85
114 794
312 610
315 684
902 683
395 595
524 167
107 815
43 101
126 245
46 607
97 997
702 286
719 375
218 347
906 739
915 166
947 917
94 28
556 418
916 712
427 366
39 289
531 983
434 479
268 978
310 568
270 191
930 569
883 206
951 406
263 206
32 141
605 225
385 256
341 784
581 725
7 12
136 238
630 153
223 288
710 242
279 865
743 754
457 926
476 130
947 158
382 825
303 447
437 814
248 114
8 167
135 142
816 418
529 820
401 859
41 68
278 85
533 792
556 32
527 427
945 254
145 949
21 569
880 694
449 485
164 737
787 663
263 973
854 825
59 518
399 119
53 323
883 934
398 281
419 701
495 927
982 402
36 396
83 895
73 872
154 794
488 225
438 242
973 555
889 302
980 344
646 811
49 221
500 809
527 855
307 851
88 737
877 916
