2
800 800
1 504
504 134
1 256
1 412
256 118
412 269
118 355
118 593
412 420
504 39
504 128
128 9
269 782
782 614
1 754
128 639
9 43
593 654
134 565
134 157
157 135
118 136
654 115
412 218
754 575
654 700
43 447
504 723
593 186
639 501
128 91
412 152
700 55
136 148
157 497
9 100
134 57
136 743
43 641
654 199
575 437
135 712
128 760
743 275
614 537
57 695
754 460
575 612
743 777
501 709
55 117
709 784
460 210
100 789
504 5
420 373
782 129
641 110
9 66
537 736
504 132
777 125
777 367
57 653
218 461
5 142
654 459
199 252
789 546
110 458
148 796
373 165
128 471
654 138
91 738
458 746
9 85
754 163
789 635
612 487
110 783
575 86
641 732
115 769
256 90
614 557
743 574
57 800
132 551
115 763
125 663
134 611
115 33
641 267
614 346
695 499
471 599
118 597
709 507
33 78
504 231
777 661
712 666
459 95
501 468
437 780
9 485
461 397
129 172
599 106
700 79
769 353
346 571
663 64
100 247
157 21
163 517
163 550
504 530
574 242
33 26
537 108
485 283
108 390
163 212
565 266
769 625
723 713
530 455
267 23
125 271
420 383
507 250
504 579
641 637
738 326
353 160
142 399
579 434
390 417
142 369
732 259
90 781
397 206
800 624
275 4
635 600
397 147
637 657
459 162
283 34
499 552
763 336
732 770
136 216
64 333
152 182
125 187
579 489
637 727
4 319
657 652
497 309
784 630
630 341
186 567
367 292
55 178
732 519
110 747
79 303
182 359
346 350
182 80
460 524
574 658
129 779
172 254
519 255
269 201
459 109
187 200
303 406
641 351
630 765
663 101
1 224
635 258
420 510
779 677
109 71
630 325
134 773
499 490
738 518
763 592
460 496
100 208
417 290
210 752
641 797
727 171
412 154
652 735
79 795
4 311
723 685
78 284
64 167
695 536
283 418
567 265
490 445
784 570
700 52
91 555
654 233
266 724
373 49
765 89
536 467
468 435
118 41
9 413
635 257
461 702
700 73
33 375
9 643
723 120
64 566
712 238
91 678
597 788
383 245
760 503
283 741
256 232
57 528
504 98
117 268
434 30
524 270
115 192
98 594
43 181
30 320
399 699
497 226
138 470
499 92
455 317
259 321
49 711
470 395
247 451
485 701
41 221
741 370
258 17
351 667
26 721
355 239
571 405
181 744
142 53
233 521
73 170
138 114
467 24
115 358
555 748
135 339
221 330
779 262
727 272
170 394
413 149
192 121
597 60
326 554
773 671
208 280
499 146
271 719
600 69
120 354
115 466
330 749
162 481
658 542
216 264
148 582
320 532
49 343
783 365
79 689
165 631
773 498
397 298
343 449
695 190
146 15
325 356
350 792
283 338
271 475
458 464
719 659
330 99
695 313
142 189
579 642
257 439
333 293
461 793
521 715
162 77
132 81
309 430
481 38
292 61
724 691
271 484
667 440
466 697
373 328
346 483
15 478
212 323
356 246
92 572
120 617
489 662
519 241
487 580
447 119
267 276
4 772
271 645
418 541
439 228
201 301
154 493
383 778
341 286
430 650
233 307
383 494
162 133
354 3
494 72
451 372
192 525
399 302
435 512
580 425
238 16
493 376
782 214
769 514
524 726
567 393
187 126
637 606
9 428
612 644
321 314
216 113
154 634
343 75
521 595
309 427
481 544
21 672
496 324
475 104
81 361
630 415
167 50
430 96
187 198
685 304
736 244
800 750
132 533
770 236
119 506
770 673
485 202
201 124
244 65
231 102
507 656
512 177
750 287
192 438
373 647
499 223
80 240
579 648
356 705
466 285
91 12
92 337
478 371
595 408
634 441
754 669
727 116
79 450
77 36
723 295
91 400
630 583
773 151
373 586
114 318
247 145
663 547
437 234
484 766
789 211
234 348
782 665
286 308
200 111
712 93
12 549
575 137
73 729
26 698
309 786
151 486
80 29
343 609
250 553
485 277
351 219
224 505
283 11
91 616
567 6
134 391
271 207
33 660
134 761
761 68
328 751
461 728
504 47
580 281
314 22
505 706
641 164
699 453
1 432
635 444
420 495
208 539
487 526
481 217
200 327
134 357
115 410
778 755
348 545
119 260
3 429
639 349
772 632
755 7
468 127
746 63
351 54
789 278
498 556
533 456
162 626
641 589
12 253
555 757
160 195
269 374
265 188
490 366
464 424
712 342
609 740
250 753
728 213
760 378
751 676
637 306
374 584
30 581
673 585
594 139
283 360
284 608
236 696
441 564
496 491
796 798
765 183
800 243
195 176
542 722
632 347
582 790
741 179
723 282
136 591
747 235
709 633
359 502
660 610
177 310
5 51
259 14
772 548
373 469
348 387
713 248
278 381
487 251
271 143
554 382
349 607
574 76
134 161
69 103
114 398
755 623
780 500
375 629
721 463
378 509
301 683
712 522
669 436
746 352
705 559
376 130
376 414
678 204
73 48
126 184
696 42
677 32
212 787
252 87
372 423
22 166
71 622
262 578
578 237
176 291
163 332
224 82
127 386
533 88
30 58
147 344
287 404
676 540
272 84
584 768
304 588
50 67
84 44
307 767
195 613
60 155
394 296
487 416
622 693
268 141
481 431
343 144
126 225
456 598
652 13
609 297
766 364
284 8
63 561
164 794
130 74
141 714
248 615
212 380
542 739
256 335
283 511
612 263
586 156
487 274
424 419
374 197
425 83
208 688
738 587
133 442
709 692
712 679
632 651
642 543
74 590
689 531
754 771
736 384
11 288
565 392
773 363
459 762
248 62
769 675
380 619
746 150
700 446
282 299
301 289
610 664
543 230
74 577
43 173
428 558
228 191
767 649
400 345
424 492
583 97
406 681
173 402
446 640
698 474
630 508
301 377
53 791
336 25
176 731
399 472
549 457
615 180
483 694
42 31
84 379
592 785
617 636
176 628
359 527
583 20
696 193
727 422
429 605
274 389
230 776
181 774
785 396
355 601
163 159
793 621
147 568
136 569
61 443
374 131
115 690
695 716
75 105
293 140
608 513
183 720
450 620
709 452
623 209
631 185
697 759
578 426
580 710
493 174
706 94
346 775
736 482
42 638
587 745
630 730
514 168
235 229
230 28
118 411
565 573
735 312
635 388
657 196
66 10
547 205
346 520
564 742
89 462
540 279
568 123
244 409
455 534
478 70
677 488
798 674
102 222
89 627
51 215
712 273
542 401
783 153
63 322
225 704
174 249
76 476
770 18
386 294
222 604
789 261
386 560
666 756
513 670
239 368
215 737
552 473
605 19
53 122
252 703
679 454
662 477
244 596
283 300
285 603
184 686
291 45
691 37
719 448
408 764
210 516
66 385
214 680
436 315
402 563
419 340
411 799
461 40
485 465
662 655
307 203
136 421
702 194
662 538
731 158
98 529
49 27
524 227
397 403
358 334
430 59
286 646
234 618
676 107
346 602
253 35
675 682
209 734
487 523
648 479
674 112
545 46
59 433
43 758
570 576
271 329
761 316
682 175
682 535
277 56
347 725
470 562
199 684
351 407
747 305
757 707
575 331
456 515
7 362
302 687
202 480
76 733
671 2
338 718
206 708
362 220
459 169
266 717
263 668
699 709
223 621
777 185
757 574
639 265
501 40
323 239
313 285
490 291
605 671
133 587
225 167
301 777
545 358
77 701
111 693
611 647
276 29
581 614
232 369
523 530
359 640
259 448
326 711
507 231
42 141
583 689
724 26
771 423
10 689
434 517
444 71
328 336
314 689
350 281
381 283
498 422
112 70
558 68
758 133
472 166
37 34
142 445
770 459
314 14
417 795
84 572
718 651
36 664
294 273
459 425
684 543
590 182
648 161
127 784
279 95
624 646
327 474
135 97
643 174
677 378
530 709
649 20
746 234
346 753
460 599
177 7
390 396
694 584
202 674
137 251
793 712
513 309
718 534
123 20
223 768
176 717
589 524
70 503
484 18
540 118
160 427
408 138
202 201
150 364
434 260
628 699
634 602
368 139
274 783
432 362
571 529
280 21
659 151
174 431
753 356
577 776
397 373
329 602
765 409
440 360
399 667
196 513
782 448
51 508
792 346
106 314
587 160
310 376
224 377
728 436
792 638
94 767
417 791
6 496
177 368
150 725
395 149
42 440
487 626
455 742
225 528
512 568
330 350
137 194
182 490
384 228
288 15
319 400
722 298
757 406
153 232
18 114
712 82
52 523
722 463
689 408
146 529
714 527
382 517
137 440
27 516
264 243
768 95
515 215
591 748
551 342
556 391
285 442
636 24
581 796
368 536
696 779
418 542
425 609
478 732
613 550
159 710
481 518
334 762
273 264
340 454
246 90
690 717
752 306
743 387
202 162
104 643
460 438
677 250
679 276
795 141
525 740
192 122
116 435
352 371
392 245
632 306
746 639
253 511
287 193
605 416
316 569
23 189
485 285
287 574
741 54
702 109
710 442
514 523
343 488
177 705
600 141
178 686
7 267
545 37
742 258
774 600
34 214
296 257
476 625
623 727
277 324
434 43
315 655
188 298
129 728
538 449
355 61
344 442
792 747
39 536
769 314
63 199
787 213
555 518
490 663
723 479
98 800
328 774
185 651
409 671
720 507
101 571
762 399
410 215
416 3
338 714
696 309
287 61
100 638
607 163
669 555
24 798
608 37
721 193
579 181
317 8
705 589
115 707
21 666
169 248
515 695
267 192
240 516
711 685
632 307
529 533
572 514
524 371
518 123
284 221
552 175
282 28
642 257
720 797
106 51
190 55
537 57
535 493
221 63
47 476
226 639
713 142
434 54
99 334
256 380
50 359
355 778
776 388
557 349
512 328
694 593
436 544
102 327
496 311
703 747
722 483
680 463
776 622
49 760
213 449
35 737
124 5
542 701
370 268
295 763
647 697
194 534
772 298
608 280
320 182
664 692
361 585
109 288
138 515
450 397
467 722
469 214
709 195
213 656
467 428
412 41
595 587
629 290
222 632
352 177
674 636
98 716
415 439
415 725
559 108
406 653
150 29
335 562
330 593
218 458
18 544
120 375
107 488
756 357
436 45
480 585
652 123
368 783
271 543
750 602
555 3
48 768
586 620
468 516
466 93
558 267
606 322
302 491
267 705
217 251
364 233
699 756
766 443
376 296
519 389
678 181
455 46
76 511
678 322
579 47
389 574
188 323
238 758
348 731
793 558
788 56
285 775
29 236
683 560
682 632
338 53
632 406
200 186
676 383
359 613
197 461
521 582
233 285
670 458
492 238
175 798
444 219
615 30
649 382
591 560
117 159
648 475
407 574
159 488
10 577
494 243
712 41
484 663
292 456
317 75
46 628
389 449
5 517
506 296
359 473
86 640
638 71
355 615
553 164
33 311
680 335
452 501
467 624
13 712
429 405
118 401
667 572
98 766
339 235
353 535
743 433
694 363
67 392
687 247
738 575
688 189
800 285
134 684
343 218
140 95
529 46
195 688
246 370
3 535
224 630
480 522
299 228
143 347
348 753
180 153
574 25
174 642
327 321
359 8
74 589
115 500
9 188
236 437
249 545
410 83
555 165
596 469
614 179
126 72
467 748
317 27
16 681
370 413
73 207
719 701
761 660
691 95
267 289
598 151
516 46
337 302
383 346
401 274
61 175
594 550
277 67
498 554
520 166
393 60
185 525
401 127
289 543
345 185
374 458
130 193
738 120
203 714
428 217
36 353
524 253
369 330
501 432
238 577
125 748
276 321
139 420
751 120
374 474
751 502
413 750
491 742
368 543
76 370
455 506
797 518
64 461
390 238
428 410
116 254
396 599
466 135
382 543
510 334
163 520
368 274
220 418
718 283
37 44
649 260
555 765
502 13
531 695
632 324
348 640
381 575
296 673
276 761
493 370
67 241
576 412
698 696
266 492
693 469
297 406
69 458
199 57
378 562
502 45
262 216
15 750
455 640
589 646
545 768
734 626
545 139
483 129
731 346
219 718
235 82
575 244
78 30
765 307
37 139
448 186
259 675
347 677
603 473
681 245
486 315
758 86
643 713
416 721
109 784
37 761
399 777
629 87
291 617
672 310
343 153
349 793
291 351
314 591
792 621
235 635
653 474
465 230
264 478
477 129
788 211
45 316
86 170
122 181
394 278
431 23
782 546
138 292
96 442
44 7
799 388
194 248
435 79
11 150
490 610
511 554
651 500
627 713
512 284
775 25
6 765
517 518
653 150
347 118
695 249
465 83
799 248
754 725
457 726
129 782
452 601
200 355
31 258
642 466
313 569
9 595
35 428
656 652
556 287
725 601
13 100
731 363
654 794
683 204
135 597
98 611
460 376
401 61
689 244
389 347
544 640
650 773
634 379
538 566
778 568
154 688
532 630
410 750
613 476
457 274
457 507
774 156
157 138
150 776
173 448
761 110
82 724
124 654
448 467
638 625
261 162
627 551
508 761
48 177
135 195
747 582
795 67
394 753
136 393
437 623
399 621
505 719
308 800
174 556
384 482
619 513
593 391
340 617
334 513
516 226
275 241
307 112
299 270
152 389
439 676
88 19
269 714
364 99
510 223
128 328
602 491
767 749
181 783
282 496
369 402
790 525
794 410
222 224
466 404
601 253
142 726
28 49
432 760
465 74
477 141
2 379
162 219
482 403
56 538
418 798
381 765
787 128
714 556
401 195
455 772
729 698
406 580
512 258
598 747
336 351
732 670
446 448
715 225
563 382
569 279
660 274
115 550
746 164
324 92
126 327
220 583
98 162
348 188
468 709
165 686
592 12
192 719
786 180
160 367
98 389
322 260
519 178
284 598
132 663
714 169
539 470
187 141
97 448
633 447
360 645
531 147
347 131
221 452
500 626
241 489
433 519
566 456
85 17
94 598
752 583
89 308
575 556
553 465
91 153
386 715
102 247
351 784
259 429
227 309
693 503
305 87
261 795
670 131
562 499
748 664
460 156
212 370
26 616
67 228
757 368
138 182
559 65
510 560
38 197
210 2
77 715
230 630
534 599
212 580
136 76
173 656
294 721
270 603
254 147
428 654
320 314
701 443
223 394
708 300
66 61
154 558
744 179
618 647
767 764
767 153
415 710
243 238
763 236
32 229
604 351
681 140
489 483
187 382
689 91
125 504
763 471
652 376
792 348
239 723
384 20
102 210
539 598
769 399
158 84
91 584
791 32
649 506
662 653
789 603
388 356
771 233
160 538
720 348
233 542
473 29
