2
1000 1000
1 121
1 620
121 144
121 129
1 825
121 431
129 1000
121 135
1000 298
620 988
298 426
298 250
426 953
431 797
298 229
620 823
825 955
426 546
955 848
129 707
298 3
135 526
955 130
135 165
165 216
620 978
526 859
797 76
953 59
216 62
431 385
3 245
988 331
250 722
129 792
953 45
722 705
245 747
250 826
165 10
76 538
250 358
988 75
331 118
722 996
978 312
546 204
825 879
879 853
722 155
825 28
792 732
988 591
1000 849
546 510
75 386
3 575
747 932
591 173
10 457
229 539
426 647
144 600
245 588
121 615
118 496
216 366
358 537
331 47
130 504
45 752
10 810
386 293
996 421
245 556
130 146
647 878
526 460
707 212
556 668
496 667
988 434
853 79
988 593
312 842
955 168
859 141
386 609
421 291
609 715
59 219
10 597
129 235
245 528
235 466
504 855
879 321
722 377
715 948
47 289
212 888
988 186
510 179
386 678
331 232
232 371
1 743
855 960
75 163
996 969
235 629
130 378
155 339
537 115
321 383
216 769
955 557
426 98
62 616
386 13
848 971
371 876
526 285
179 78
825 222
722 819
3 736
339 202
678 244
378 498
978 374
321 58
810 976
385 418
434 905
859 345
905 471
118 503
528 559
431 927
418 889
769 384
47 798
597 87
810 145
798 981
707 238
842 436
47 252
426 439
62 959
588 758
546 751
76 803
431 81
932 297
853 950
876 578
163 320
600 446
293 180
615 243
179 814
244 702
597 183
792 852
321 402
668 548
537 906
374 640
905 419
575 391
339 83
115 260
244 560
439 249
526 787
179 505
377 964
431 914
538 306
736 812
578 873
751 2
705 200
948 239
971 530
371 576
848 225
229 617
620 924
2 40
848 782
421 598
222 9
707 456
707 805
1 673
810 308
76 648
204 789
212 766
707 895
673 596
751 862
460 898
436 854
996 265
212 85
538 6
969 451
715 809
451 817
222 685
707 991
75 288
426 618
948 360
28 861
155 423
927 398
385 228
823 780
906 277
769 957
431 22
826 890
239 719
58 176
312 507
40 368
3 16
667 124
471 527
288 713
498 589
766 585
312 795
115 939
6 169
141 998
85 72
939 269
743 268
991 454
615 55
848 686
859 469
848 670
795 584
180 547
371 725
914 531
991 655
825 562
6 997
115 258
320 634
842 884
421 147
854 156
823 101
402 688
855 754
377 614
40 720
600 944
308 621
258 449
232 191
245 497
249 261
155 103
780 830
562 587
449 279
9 778
145 638
145 309
144 231
981 405
825 821
285 661
47 19
853 963
686 665
963 414
377 74
469 445
405 514
576 727
668 836
576 606
842 27
823 319
202 561
814 88
747 443
87 622
948 404
298 338
823 174
638 307
277 427
591 922
374 690
268 117
906 152
854 500
146 540
297 912
258 632
297 203
898 940
117 517
121 850
878 601
754 264
174 723
702 372
45 513
216 930
339 90
647 111
419 425
971 237
884 657
426 256
561 603
978 65
964 856
27 882
378 438
514 416
111 860
819 381
505 982
713 550
27 706
556 709
445 254
238 171
10 325
58 429
823 430
640 181
584 487
118 865
617 511
944 164
878 515
374 815
75 871
155 495
288 992
2 283
487 951
591 893
81 199
957 962
722 650
297 654
743 29
616 824
229 410
79 485
163 761
971 770
797 580
815 956
249 917
28 492
527 553
812 35
238 972
922 910
559 437
179 4
638 506
306 522
537 867
1000 205
618 394
702 240
621 108
47 349
556 925
884 579
111 341
492 664
180 961
614 750
260 843
912 834
702 362
362 333
339 31
500 555
362 294
750 502
803 566
606 501
277 473
634 737
632 472
439 563
889 592
219 570
661 907
427 999
638 49
540 316
358 343
732 347
991 818
814 952
538 346
439 329
199 166
563 93
10 714
279 44
927 590
591 401
617 767
469 653
601 149
13 509
118 8
238 645
922 336
347 735
168 552
471 974
243 749
1000 808
957 583
22 246
264 217
219 42
895 214
419 266
438 193
176 139
537 64
238 330
434 864
584 532
245 641
410 257
358 185
1 153
235 107
997 484
258 467
638 311
418 644
297 290
423 477
454 387
107 677
378 904
856 248
456 392
709 138
722 694
498 415
371 182
511 223
279 804
261 188
678 499
686 82
404 572
496 844
661 488
244 675
948 604
108 36
74 207
439 424
341 80
200 43
392 923
694 639
706 354
202 395
44 701
78 160
87 885
677 660
890 949
878 370
232 187
585 887
514 671
117 571
207 468
443 979
297 794
575 983
118 71
825 816
294 541
149 119
232 851
108 334
454 602
953 221
410 977
751 839
867 883
557 373
873 483
603 631
76 986
471 397
173 680
982 756
339 50
456 700
986 935
487 92
75 34
834 48
436 137
618 326
904 954
878 993
606 263
471 162
510 863
871 324
606 718
850 764
641 125
456 712
414 292
387 482
338 127
454 931
585 791
747 363
996 945
502 627
374 784
873 669
997 564
45 328
222 213
501 96
715 357
316 607
308 41
950 666
386 407
456 435
213 355
526 51
439 408
670 870
702 376
957 970
152 891
307 762
477 785
576 295
522 128
424 67
85 568
415 458
488 77
50 475
694 369
978 928
589 195
641 52
758 831
735 624
999 296
862 379
686 656
79 84
297 820
571 494
638 681
961 633
283 608
527 663
955 30
504 211
454 104
893 692
128 234
408 857
681 39
146 132
561 38
235 409
45 60
956 462
124 375
381 54
392 926
383 447
320 61
42 114
656 995
65 280
289 508
517 278
506 300
31 968
466 753
244 772
28 140
135 337
784 220
295 886
13 159
629 908
309 799
663 267
83 746
622 304
538 691
443 975
378 406
384 380
235 24
469 192
188 206
886 441
983 943
968 652
578 783
319 920
304 612
214 123
842 20
927 581
307 776
267 262
20 802
1000 520
803 271
785 122
401 610
132 811
222 662
225 190
111 738
460 148
631 565
441 874
867 806
618 779
132 198
663 33
256 845
278 432
349 868
548 687
93 459
292 63
923 259
41 916
407 837
164 97
610 740
713 335
98 858
540 899
631 303
54 708
104 95
30 869
614 99
472 595
849 832
231 577
334 201
409 158
341 875
343 7
963 102
183 340
144 448
205 695
111 516
295 310
10 412
402 512
511 411
173 651
75 793
922 877
564 161
986 270
130 106
454 929
940 46
820 934
817 693
459 643
718 896
939 915
118 453
896 275
810 755
232 12
670 390
795 582
185 703
981 189
185 120
664 672
673 880
416 942
789 605
793 630
159 731
206 919
753 470
380 760
31 745
922 131
377 154
550 730
121 428
153 143
482 218
945 973
708 674
392 227
596 388
436 313
111 549
441 698
686 465
910 167
917 301
862 57
97 518
638 872
549 946
336 911
2 247
736 353
849 827
437 486
267 5
857 272
924 481
798 757
660 847
181 637
749 573
883 980
339 623
550 788
370 286
857 327
572 136
376 626
191 490
740 273
920 365
262 721
588 716
131 474
653 807
787 892
772 684
910 683
138 894
621 569
662 194
47 781
78 142
963 209
169 679
301 744
780 658
120 542
986 251
641 14
258 729
383 348
718 659
80 790
312 733
816 967
240 918
607 175
119 302
767 314
312 909
695 551
925 519
114 748
862 835
551 773
993 230
87 524
30 350
571 682
633 356
762 913
142 70
415 734
869 689
643 18
206 478
3 86
925 56
825 315
790 476
795 901
183 461
960 941
262 150
743 536
239 846
165 533
626 728
826 452
377 224
954 704
349 323
907 984
645 170
748 958
702 987
993 800
539 233
824 23
231 822
384 342
895 813
421 382
578 759
665 611
103 157
949 625
925 91
730 554
954 493
583 594
506 599
306 242
807 900
292 902
445 765
211 344
54 933
788 768
700 287
968 361
669 255
782 801
549 396
1 841
658 440
531 399
310 100
880 299
460 305
232 628
493 442
475 215
423 178
238 724
321 68
448 281
375 966
48 479
299 635
954 989
86 840
966 332
90 897
792 947
617 697
602 838
643 94
82 73
598 534
365 938
312 529
691 775
914 985
698 525
319 463
539 151
773 197
141 574
410 828
222 739
765 17
590 710
355 133
20 774
339 676
42 284
748 276
234 586
932 15
321 786
818 21
237 994
495 881
204 464
122 937
951 903
781 741
443 833
758 422
916 112
381 177
303 25
206 69
974 226
547 359
789 322
719 317
75 389
119 417
79 936
262 763
4 521
932 742
570 32
142 89
339 480
668 403
483 351
234 400
763 318
226 455
756 699
146 619
497 636
546 364
288 711
166 26
143 126
550 649
291 110
644 37
984 113
336 543
515 646
76 282
981 208
935 105
647 184
977 11
856 253
909 726
781 965
845 491
20 567
650 866
411 544
552 109
568 413
729 990
292 444
431 523
499 450
849 66
74 367
849 535
283 393
822 134
93 116
890 196
757 771
922 172
559 642
46 696
782 433
57 921
140 274
421 796
927 241
264 829
783 236
849 489
990 210
574 717
33 558
918 352
385 613
739 777
857 420
586 545
177 53
61 51
967 13
638 612
806 629
579 727
786 472
285 323
228 227
929 625
23 524
803 288
619 912
101 44
506 181
865 608
171 674
514 707
938 334
260 269
152 581
235 833
964 980
202 125
428 218
122 291
55 408
399 330
873 815
234 632
337 586
871 537
592 599
598 85
406 433
50 103
135 65
703 64
841 104
665 10
921 239
979 784
520 140
11 930
758 120
799 734
618 228
776 857
832 900
437 118
723 322
468 984
949 336
452 39
946 352
893 251
664 782
452 6
471 3
607 915
833 872
64 605
370 613
885 912
488 809
11 881
645 433
279 166
613 215
132 321
829 833
140 726
630 556
499 706
519 490
240 39
989 116
100 313
85 699
282 78
157 504
759 281
795 654
72 44
827 543
472 623
956 170
705 58
431 225
233 161
945 356
611 252
568 321
712 913
465 98
402 718
249 171
207 691
88 224
547 199
580 346
3 844
108 343
246 210
574 242
559 733
269 961
745 794
182 234
959 515
166 458
188 311
984 853
268 673
862 920
634 566
373 611
687 517
954 68
69 856
728 417
777 623
241 593
655 304
859 983
695 40
615 104
792 143
233 737
615 356
417 438
285 480
900 151
884 751
473 642
239 843
585 360
476 333
504 157
464 645
479 983
851 59
143 690
130 132
654 174
532 404
403 64
29 189
207 868
785 518
734 543
284 517
558 885
592 226
67 333
731 177
819 79
871 929
119 949
727 8
95 775
414 413
962 159
494 356
562 501
480 496
7 973
921 204
964 402
68 123
784 669
405 908
417 303
2 756
423 975
553 582
356 178
908 672
606 866
505 620
799 724
530 722
892 354
179 11
349 774
541 458
664 729
590 843
793 25
358 622
544 304
556 483
900 420
988 116
936 336
305 719
178 354
62 223
737 340
352 715
443 359
525 566
89 22
463 49
939 208
137 761
15 385
445 288
940 422
656 668
76 278
676 853
265 428
50 894
99 351
895 284
812 87
35 867
963 533
25 405
517 396
86 612
757 198
885 786
609 151
981 789
793 819
101 138
54 283
697 305
304 673
455 150
29 996
386 2
292 658
418 56
548 520
491 367
558 923
291 815
850 422
169 467
430 977
682 167
811 315
175 829
559 585
76 366
705 859
407 643
412 867
471 408
108 872
233 368
159 936
103 785
451 779
180 835
294 631
697 890
50 996
692 263
454 209
305 496
604 605
391 203
495 317
692 870
214 8
26 808
245 709
542 980
917 129
438 221
259 705
254 581
638 296
105 13
440 18
818 533
847 412
293 339
822 139
266 309
170 561
887 560
580 654
507 92
883 81
507 433
995 589
308 538
570 702
848 98
969 839
559 15
54 409
125 121
946 103
980 948
707 148
207 237
788 457
963 506
184 836
398 116
298 508
773 962
293 630
450 540
584 592
479 482
779 623
529 378
154 279
701 501
477 91
911 205
811 972
777 918
394 517
610 606
410 176
997 659
494 971
10 94
945 403
463 210
593 663
410 740
349 525
633 408
775 930
848 556
889 442
756 169
908 885
609 547
707 558
787 570
834 684
1 279
606 612
839 831
133 809
606 830
759 958
161 254
593 653
125 655
887 387
409 311
406 98
150 240
822 587
932 746
798 356
771 723
230 56
217 576
89 344
870 966
822 253
912 706
466 632
844 914
14 875
809 929
526 289
291 382
200 663
250 256
528 961
37 514
985 218
608 959
966 945
200 229
938 663
83 995
94 384
759 524
934 834
273 671
214 594
946 685
383 27
938 59
823 837
612 646
954 622
622 347
392 38
931 314
916 331
820 601
338 665
853 289
109 553
488 471
695 185
268 90
361 335
232 132
249 742
206 167
752 475
637 937
509 745
426 573
440 148
145 551
926 812
936 183
178 619
665 993
938 268
180 542
594 624
745 354
438 420
745 87
798 648
914 574
600 906
779 304
834 980
58 106
326 705
29 67
206 774
486 55
688 734
465 415
769 509
308 641
511 579
578 881
776 241
589 280
340 569
381 512
982 417
426 857
921 488
158 969
950 871
526 328
22 896
514 914
676 167
78 553
28 539
163 372
491 663
617 886
167 686
749 681
968 764
4 907
710 390
717 428
466 707
119 31
285 950
719 216
339 68
801 250
637 726
76 834
820 915
792 16
738 795
867 802
625 606
415 299
316 923
762 442
721 839
325 618
563 338
362 477
703 589
694 4
932 25
419 489
805 519
661 996
484 430
960 250
106 643
786 532
517 158
275 332
647 933
736 250
53 501
669 204
943 800
329 273
230 310
42 724
995 60
438 764
549 107
157 91
651 303
174 49
557 593
965 608
277 636
70 575
423 83
706 461
897 10
253 247
841 739
52 104
975 49
29 576
733 620
798 460
957 302
406 741
132 817
969 81
416 283
16 171
227 657
472 335
355 520
501 426
967 814
611 674
993 32
357 652
283 584
912 746
208 567
614 996
989 234
389 766
835 911
866 452
493 434
249 791
420 220
309 18
154 524
146 859
752 436
232 116
858 292
53 624
563 425
890 408
115 350
756 212
569 667
710 143
372 878
383 672
624 969
22 915
225 462
123 705
406 652
926 123
130 342
205 11
235 159
547 261
841 214
828 81
383 184
885 656
524 988
351 31
122 117
804 9
557 606
624 442
413 910
70 962
518 537
969 685
821 857
643 786
353 421
429 821
952 104
55 285
736 311
780 539
348 563
483 909
934 615
267 528
467 288
628 172
522 282
649 856
971 959
101 775
468 352
346 320
357 565
442 33
99 266
575 389
357 877
875 757
284 22
150 959
593 744
108 245
443 485
542 305
587 560
976 977
843 759
461 324
134 303
926 510
124 831
498 773
542 218
93 316
461 124
413 209
58 115
733 594
921 354
496 750
536 963
942 646
204 527
978 308
171 622
681 259
31 479
701 148
909 523
635 985
107 69
706 13
525 319
69 643
935 13
563 176
289 613
177 382
598 746
487 49
216 555
373 66
4 503
42 33
110 54
223 852
559 209
245 425
950 162
497 442
349 744
822 198
916 93
242 436
978 164
328 229
33 165
481 433
393 791
905 679
272 547
101 583
131 469
549 687
476 102
10 66
679 175
23 835
624 319
878 64
608 300
255 559
674 78
166 544
750 86
362 123
116 92
224 361
116 317
563 428
48 53
250 434
748 413
647 431
956 690
715 73
946 807
713 782
886 227
792 814
682 482
787 547
3 559
538 188
191 461
83 859
24 340
967 414
251 522
379 627
764 101
561 564
125 857
971 4
501 513
811 457
570 810
958 150
395 258
746 662
594 46
84 947
202 86
93 676
861 376
977 146
398 885
676 944
378 872
370 329
971 677
31 531
476 907
247 145
77 606
306 365
116 699
592 976
523 434
456 515
833 476
639 908
352 824
88 822
743 107
309 660
253 630
54 476
573 257
554 666
711 759
672 345
399 181
62 220
718 962
862 157
920 216
190 486
661 758
15 828
600 315
299 599
614 229
297 596
701 593
984 881
59 958
749 777
25 363
465 231
591 117
791 75
147 22
326 985
108 814
342 904
443 670
115 86
491 399
948 336
666 298
284 94
695 624
975 927
427 375
290 958
11 903
964 772
399 163
190 31
177 69
187 556
120 300
992 390
703 232
714 166
672 360
473 568
168 169
952 68
527 208
310 170
733 686
953 15
847 662
152 412
262 401
692 198
848 911
629 312
552 600
186 351
742 361
536 992
318 795
678 284
983 526
607 187
999 343
15 937
888 16
639 909
383 814
264 204
87 89
778 348
591 773
71 438
128 224
860 447
139 924
296 560
698 314
695 393
192 658
662 729
697 26
731 544
24 610
734 518
47 780
556 317
336 380
729 395
399 79
163 690
903 866
862 403
758 165
471 935
695 347
771 158
819 637
639 829
424 809
248 259
630 665
590 861
127 834
789 297
139 159
326 523
583 491
426 952
354 610
266 60
500 52
466 288
209 842
311 404
623 319
8 5
1 671
682 562
261 34
556 463
717 52
790 20
461 989
616 477
755 661
43 529
173 36
112 986
501 481
126 397
868 825
312 141
989 164
973 862
630 230
274 296
375 486
401 858
620 744
579 454
477 589
302 764
654 886
922 769
921 387
926 901
636 66
627 649
315 114
280 790
522 936
471 580
285 554
427 15
923 403
582 172
994 91
644 127
808 48
637 482
759 944
459 694
718 61
629 156
535 280
474 929
270 125
729 593
930 470
795 752
324 71
19 248
20 939
419 227
974 683
604 455
39 670
40 846
592 316
990 21
636 520
358 837
938 627
751 790
148 13
863 824
543 865
872 197
520 562
323 734
794 536
22 383
660 67
377 199
758 935
965 614
916 52
532 267
747 752
874 920
365 45
220 566
772 334
441 197
288 263
824 638
13 603
479 864
931 211
874 694
282 640
841 345
226 891
929 606
466 476
799 790
40 289
279 796
526 899
781 253
752 419
929 421
303 817
32 962
999 971
800 577
515 553
256 164
745 142
680 650
185 453
892 258
565 107
587 921
240 702
192 655
270 455
710 166
497 286
950 178
822 829
