2
1000 1000
1 690
690 676
676 246
246 40
40 486
486 451
451 374
451 902
902 925
925 458
458 230
230 11
230 534
534 152
152 38
152 376
38 438
438 340
438 920
340 646
646 631
646 810
631 692
810 244
692 389
244 677
677 950
950 844
844 783
783 583
783 375
375 918
918 770
918 39
39 36
39 386
36 599
599 524
524 664
664 611
664 279
279 184
279 616
616 738
738 511
738 750
750 528
528 771
771 366
366 337
366 95
337 325
95 669
325 270
669 231
231 952
231 47
952 138
138 992
138 145
145 891
891 913
891 765
913 471
765 550
471 288
550 645
288 307
645 885
307 510
885 816
816 515
515 968
515 267
267 299
267 613
613 541
613 13
13 626
626 882
626 595
595 329
595 449
449 722
722 306
722 250
250 283
283 829
829 101
101 463
463 597
463 983
983 899
899 558
899 318
318 23
23 840
840 758
758 704
704 405
405 697
697 632
632 696
632 46
46 248
46 969
248 52
969 957
52 565
565 274
565 148
274 698
148 84
698 991
991 358
358 264
264 887
264 437
887 513
513 169
513 31
31 634
31 835
835 864
835 538
864 122
122 731
731 96
96 272
96 289
289 353
353 937
353 782
937 501
501 622
501 907
907 848
848 825
825 395
825 498
498 636
498 895
895 87
895 598
87 949
949 863
949 32
863 806
806 73
73 33
33 268
268 166
166 685
166 62
685 753
753 276
753 412
412 998
998 868
998 394
394 657
657 987
987 492
492 457
492 284
457 584
584 628
584 989
989 658
658 726
726 729
726 185
729 537
185 225
225 207
225 76
207 847
76 332
847 896
332 889
896 792
792 745
792 263
745 785
263 876
785 873
873 572
572 630
630 754
754 567
567 781
567 912
781 404
404 679
679 234
679 171
234 124
171 614
614 113
614 892
892 398
398 519
398 159
519 956
159 817
817 872
872 557
872 341
557 784
341 446
784 521
521 701
701 953
701 144
144 845
845 790
790 150
150 379
150 10
379 823
823 708
823 688
708 718
688 820
820 600
600 320
320 18
320 349
349 167
167 633
633 915
915 861
861 106
106 253
253 177
177 174
174 304
174 514
304 314
514 494
314 219
494 875
219 841
875 359
359 593
359 277
593 291
291 303
303 984
984 591
591 828
591 206
206 780
780 153
780 774
153 789
774 648
648 625
648 261
625 879
261 980
879 508
508 831
831 454
831 914
914 687
914 78
78 406
78 576
576 629
576 842
842 123
842 345
345 666
666 727
666 827
827 43
43 443
443 826
443 226
826 27
27 560
27 893
893 297
297 762
762 581
581 0
0 549
0 764
764 894
894 860
894 294
860 348
348 321
348 301
321 942
942 419
419 85
85 61
61 974
61 495
495 671
495 865
671 241
865 639
241 852
639 316
316 255
255 803
255 850
803 518
850 182
182 900
900 224
900 482
482 233
482 742
233 81
81 530
81 456
456 830
830 943
830 880
880 347
347 775
347 720
775 121
720 98
98 757
98 331
757 592
592 130
130 659
659 543
543 977
977 51
977 699
699 203
699 24
203 647
24 25
647 637
25 898
898 906
906 532
532 655
655 941
941 15
15 415
415 672
415 4
4 526
526 555
526 242
555 684
242 509
684 352
509 747
352 588
747 80
80 155
80 804
155 594
804 221
221 196
221 769
769 651
651 408
651 759
759 675
759 585
675 160
585 620
160 429
429 544
544 778
544 909
909 680
680 107
680 627
107 41
41 28
41 507
507 667
507 602
602 617
602 317
617 653
653 312
653 252
252 959
959 178
178 48
178 125
48 960
125 478
478 102
102 741
741 363
741 819
819 824
824 338
824 794
338 740
740 247
740 16
16 573
16 791
573 187
187 139
139 432
432 552
432 849
849 612
612 201
201 68
68 877
877 678
678 502
502 111
502 119
119 805
119 834
805 933
834 815
815 650
650 928
650 723
723 504
504 807
504 763
763 923
923 89
923 496
496 922
496 373
922 621
373 800
621 766
800 37
37 452
452 996
996 157
157 601
157 814
814 779
814 467
779 571
571 327
571 50
50 938
50 964
938 517
964 238
238 213
213 57
57 273
57 245
273 554
245 22
22 90
90 158
90 334
334 735
334 553
553 2
2 523
523 390
523 488
390 431
431 300
300 44
44 499
499 423
423 705
705 466
466 401
466 427
427 939
939 643
643 972
972 561
972 30
30 638
30 609
638 682
609 936
936 72
936 967
967 430
430 681
430 736
736 927
927 985
927 92
92 730
730 8
730 916
8 35
916 428
35 360
428 796
360 818
818 948
948 693
693 97
97 884
884 506
506 993
993 71
993 290
71 190
190 104
190 216
104 578
578 142
578 310
142 330
310 715
330 480
480 663
480 505
505 855
855 362
855 832
362 211
832 188
211 702
188 635
702 302
635 249
302 262
249 460
460 285
285 809
809 867
867 154
154 319
319 209
209 743
743 905
905 434
905 569
569 45
45 854
854 208
208 710
710 586
586 425
425 777
425 522
777 402
402 802
402 461
802 324
324 716
324 535
535 370
370 751
370 12
12 752
752 131
752 292
292 205
292 91
205 53
53 749
749 282
749 656
656 683
656 709
683 606
606 724
724 424
424 911
911 813
911 83
813 958
83 756
958 120
756 69
69 477
69 29
29 661
29 686
661 210
210 797
210 932
932 9
932 944
944 421
944 194
421 788
788 346
346 385
385 163
163 982
163 441
982 551
551 986
986 195
195 235
235 851
235 930
930 286
286 970
970 901
901 403
403 999
403 459
459 422
422 464
422 243
243 293
293 127
293 198
127 287
287 59
59 587
587 589
587 773
589 746
746 473
746 365
365 440
365 17
440 978
17 801
801 908
801 426
908 450
450 608
608 580
608 66
580 556
556 531
531 479
479 619
479 313
313 393
313 484
393 755
484 540
755 839
540 58
58 55
58 383
383 670
383 787
787 5
5 93
93 295
295 333
295 396
333 662
396 257
662 258
258 539
258 491
491 475
491 75
75 926
926 168
168 799
168 173
799 795
795 77
77 26
26 728
728 568
728 623
568 570
623 232
232 308
308 136
308 218
136 870
218 342
870 251
251 149
251 859
149 328
859 493
328 14
493 229
229 357
357 361
357 856
856 858
856 343
858 703
343 240
240 945
240 590
590 955
955 368
368 181
181 574
181 545
545 444
545 649
444 966
649 377
966 311
377 298
311 180
298 100
180 946
100 42
946 761
42 547
547 175
547 767
767 897
767 516
516 474
516 618
474 485
485 881
485 971
971 607
607 19
607 665
19 54
54 220
54 577
220 236
577 445
445 468
445 976
976 265
976 118
118 668
118 228
228 133
228 435
133 189
189 476
476 929
929 487
929 546
487 323
323 67
67 579
67 962
579 808
962 954
954 721
721 137
137 673
673 204
204 322
322 186
186 384
186 134
384 904
904 414
904 65
65 883
883 369
883 768
768 382
382 439
439 997
439 857
857 296
857 934
296 582
934 223
223 940
940 350
350 135
350 114
114 711
711 935
711 472
472 734
472 140
734 536
536 128
536 256
128 117
256 776
117 176
776 503
176 436
503 165
165 60
60 714
714 364
364 566
566 798
566 988
988 70
988 356
70 192
192 162
192 143
162 470
143 417
470 110
110 500
500 641
500 103
103 222
222 760
760 615
615 833
833 886
833 694
694 161
694 227
161 309
309 212
309 674
674 410
410 596
410 271
271 610
610 846
846 442
442 433
442 979
433 407
407 49
407 642
49 733
733 654
654 520
654 63
63 116
63 411
116 605
605 843
843 315
843 20
20 391
20 372
372 387
387 465
387 562
465 260
562 397
260 961
961 931
961 179
179 644
179 888
888 413
888 564
413 82
82 237
82 381
381 917
381 367
917 399
399 689
689 719
719 191
719 489
489 339
489 527
339 744
527 156
744 115
115 869
869 874
869 280
280 409
409 269
269 529
529 416
416 79
416 838
838 378
378 469
469 965
469 193
965 112
112 811
811 981
981 542
542 525
542 455
455 336
455 108
108 559
559 202
559 418
418 183
183 994
994 200
200 132
200 214
214 548
214 951
951 99
99 706
706 197
197 146
146 717
146 86
86 74
74 822
822 141
822 862
862 695
862 239
239 866
239 739
866 199
739 660
199 603
603 305
305 335
335 483
483 388
388 793
793 170
793 462
170 147
147 94
94 371
371 453
371 975
453 748
748 6
748 691
691 344
691 172
344 812
172 853
812 105
105 878
105 129
129 56
129 392
392 126
126 254
126 624
254 921
624 448
921 837
837 652
837 821
652 890
890 215
215 400
400 700
400 3
700 640
640 380
640 871
871 512
871 737
737 725
737 563
563 707
563 151
707 447
151 995
447 266
995 533
266 604
533 64
64 326
64 712
326 259
259 947
947 732
947 355
355 281
281 34
281 278
278 164
164 575
164 21
575 420
21 109
109 275
109 351
351 836
351 910
836 88
88 7
7 490
7 713
490 990
713 481
481 1000
1000 217
217 973
973 919
919 924
919 786
924 903
786 497
903 963
497 354
747 440
885 249
358 175
638 537
553 535
473 349
716 387
870 123
607 128
724 110
471 914
231 735
617 233
115 797
574 703
551 817
592 63
502 311
348 851
979 443
546 614
143 302
499 254
963 620
388 319
838 112
645 140
216 497
810 477
62 950
150 703
363 369
864 279
619 669
522 657
898 509
38 747
269 821
565 989
768 301
353 874
875 657
268 330
937 654
335 591
131 432
891 695
356 131
403 142
297 672
167 401
542 32
992 741
528 701
167 492
432 707
1000 897
708 218
184 602
778 523
920 612
695 588
63 740
188 473
555 115
746 526
495 695
153 598
598 263
63 347
491 463
544 437
3 920
102 965
203 628
41 636
268 939
85 439
368 500
945 720
652 94
906 418
133 235
645 229
280 72
764 311
222 583
722 628
416 390
656 644
393 804
955 721
436 694
989 664
194 564
957 102
957 322
905 165
289 973
458 928
485 712
873 560
373 832
760 341
468 925
122 771
246 588
680 322
2 196
344 306
984 425
82 966
950 950
931 713
826 842
407 567
622 342
414 524
377 164
113 258
186 633
328 726
715 191
680 931
873 695
990 857
58 719
24 794
463 74
524 124
632 490
298 64
788 957
623 534
609 162
381 125
182 165
126 297
209 616
974 805
161 634
378 417
995 660
619 680
463 135
490 377
772 944
384 544
3 270
610 762
971 516
827 175
870 452
841 725
954 500
650 402
586 202
56 936
14 590
749 350
106 574
525 474
309 157
923 729
546 296
549 218
428 486
900 386
59 952
726 158
5 458
95 216
975 886
403 18
656 336
816 262
156 360
307 71
874 758
449 132
680 261
137 697
679 988
443 190
966 266
741 332
269 87
341 326
783 340
710 78
201 576
367 729
292 62
755 434
410 484
748 94
643 341
882 74
897 655
284 396
381 625
124 131
961 186
188 338
415 228
322 947
596 875
641 543
917 105
183 628
88 170
339 210
547 630
409 73
737 655
712 521
95 650
770 34
340 64
845 630
793 945
44 242
510 641
355 396
409 464
252 141
476 333
586 610
734 402
708 213
308 180
319 885
471 886
385 964
279 77
960 266
232 21
249 673
811 609
842 716
125 602
496 987
540 122
27 283
503 701
482 620
330 744
726 616
952 707
978 531
737 396
311 800
701 396
902 582
636 964
500 651
559 205
328 987
615 289
844 451
469 878
337 79
733 819
334 255
125 482
959 537
5 723
506 41
811 856
931 775
165 827
56 362
466 966
888 235
457 99
726 666
895 503
649 873
675 99
248 307
944 679
87 503
52 781
791 543
761 913
491 300
482 738
898 407
859 202
590 422
506 365
908 500
818 876
112 325
504 123
572 881
971 96
737 725
752 267
938 552
831 797
694 808
304 362
171 113
316 976
597 339
128 825
918 548
999 284
776 207
407 808
449 520
962 509
554 290
40 749
822 667
623 976
998 911
836 922
520 102
30 524
515 873
124 642
581 438
953 353
570 936
622 982
881 728
612 728
45 895
512 209
572 979
794 875
877 529
339 949
586 533
416 927
196 570
252 666
746 289
644 591
66 15
219 668
290 329
667 503
736 661
284 605
827 39
487 92
19 971
514 723
388 42
956 963
943 490
722 883
780 586
896 789
2 191
245 372
792 706
732 948
824 202
385 475
958 42
729 44
52 167
725 71
480 946
794 594
770 652
964 911
223 67
437 550
635 128
651 3
617 662
293 696
742 963
927 639
525 543
956 408
594 576
341 614
901 682
534 892
276 248
925 495
250 381
205 745
902 477
264 219
192 674
549 234
144 601
611 291
326 160
297 501
208 459
456 581
622 172
257 773
858 451
789 41
749 826
926 407
653 720
391 911
716 26
95 801
523 882
579 639
428 316
912 417
605 756
264 169
951 608
496 535
472 663
132 763
317 891
413 692
176 898
904 173
44 458
474 197
886 666
84 138
231 664
699 546
482 806
298 493
194 582
719 255
510 988
312 586
215 461
92 552
802 174
45 385
890 936
742 416
124 417
132 713
862 502
476 162
885 219
40 218
497 550
498 21
849 185
189 438
111 368
20 378
626 602
490 701
924 437
10 267
138 621
778 260
478 926
608 806
199 539
302 290
36 223
925 150
115 132
603 92
295 54
557 85
429 196
690 765
149 274
757 828
123 326
684 858
62 154
278 400
948 406
362 953
589 916
195 550
640 338
218 735
836 204
235 807
752 219
187 535
211 878
307 797
985 320
159 758
843 519
651 863
41 383
697 515
93 466
994 876
781 319
697 573
703 647
255 392
314 832
616 366
346 798
303 327
168 241
507 224
767 772
563 5
234 60
224 24
887 271
272 857
923 922
9 971
584 346
176 742
739 618
984 919
992 582
598 291
983 541
632 383
535 178
618 779
59 472
731 687
714 113
416 945
970 828
219 378
265 459
798 238
436 426
359 837
779 659
606 895
33 556
780 731
388 204
448 857
675 125
284 114
857 420
590 91
448 901
827 834
45 28
243 707
233 511
360 518
323 912
564 856
163 177
112 609
739 600
187 66
935 162
560 288
327 477
137 587
207 845
718 231
581 832
787 405
864 348
466 184
433 468
631 81
740 133
49 178
204 123
698 205
131 35
930 952
780 470
266 57
265 214
390 936
955 727
985 734
789 254
360 126
86 899
411 789
950 944
461 780
303 646
161 15
236 479
134 186
15 48
279 877
438 457
172 448
487 5
930 851
846 53
739 172
870 519
265 107
139 406
302 290
353 720
582 824
745 180
251 39
244 78
816 421
664 930
644 146
578 133
847 932
935 501
88 425
135 613
468 798
605 559
733 374
353 747
119 404
18 941
328 366
328 111
572 624
116 515
932 233
316 28
716 663
310 130
686 218
828 953
202 972
207 818
706 118
706 254
72 76
478 818
119 180
619 621
207 991
262 22
370 736
742 741
4 314
948 633
827 667
816 661
39 763
238 300
249 597
339 575
271 895
517 536
36 311
647 520
881 880
598 294
600 669
78 641
534 251
363 564
346 111
987 897
168 253
205 627
767 183
185 694
927 905
432 249
301 675
219 690
348 316
798 942
49 475
599 115
273 487
667 888
928 902
507 531
431 651
263 382
628 910
584 937
859 89
390 858
951 393
457 594
89 53
391 820
794 709
978 542
652 984
473 651
497 578
840 265
407 802
768 482
178 207
684 880
435 967
627 887
783 106
780 16
629 457
575 129
87 384
494 906
769 538
809 172
254 284
280 228
472 755
969 192
444 1000
719 484
258 203
516 780
645 764
968 764
806 54
555 322
901 295
811 438
631 73
40 158
209 508
7 160
514 89
785 733
175 884
670 245
22 356
895 888
650 570
678 890
383 986
99 74
90 238
961 383
329 517
358 480
472 597
451 44
459 618
944 412
475 759
501 89
787 587
518 146
328 299
432 816
284 504
589 990
380 340
96 334
951 827
728 163
616 48
692 458
713 414
629 403
254 518
256 242
929 607
753 729
425 437
51 860
734 595
217 132
980 56
816 99
803 503
605 31
242 114
463 808
840 875
613 994
366 447
842 121
687 618
741 187
393 76
504 903
13 439
921 344
736 964
782 757
633 889
321 518
695 598
564 128
122 523
460 238
440 250
108 717
658 740
564 818
673 876
918 392
522 861
350 287
265 752
820 63
218 191
203 382
970 622
183 600
923 975
479 261
422 813
621 923
220 162
951 4
905 422
101 572
355 716
356 112
792 498
589 679
429 314
793 353
961 295
975 199
980 600
119 274
639 823
139 314
702 104
600 251
742 280
507 173
355 712
360 761
272 154
765 463
412 500
809 336
728 584
530 586
409 28
917 888
669 547
655 122
640 307
16 784
393 580
93 642
899 870
20 875
925 765
652 595
401 709
259 139
199 886
488 43
613 123
700 569
879 216
173 869
252 908
815 873
426 964
191 701
828 384
832 352
894 537
412 793
337 381
110 760
956 907
754 560
692 188
188 243
303 378
712 263
527 594
594 963
156 976
359 716
322 711
34 993
484 388
914 806
897 119
476 454
236 194
194 412
334 642
723 357
523 312
595 72
90 785
386 912
823 703
624 477
349 354
740 989
431 698
208 920
124 149
370 834
600 571
386 856
769 574
8 436
490 349
455 292
781 840
105 146
423 590
386 411
984 962
529 637
260 379
901 517
266 716
622 480
435 318
130 984
781 715
188 891
115 862
134 162
988 363
75 569
783 935
764 426
892 750
634 75
639 40
872 398
726 744
115 969
965 731
624 881
469 499
36 28
90 732
53 815
227 180
825 61
510 582
361 154
159 302
924 861
414 125
117 637
933 624
530 771
892 875
728 82
484 745
361 506
260 18
965 936
782 852
999 879
265 26
58 760
859 478
241 192
708 56
342 245
506 682
273 383
296 778
459 23
713 59
458 175
635 471
383 742
743 194
67 176
304 229
545 632
986 958
534 338
222 451
960 615
102 396
271 888
113 891
139 85
200 461
251 770
241 582
661 490
211 501
369 933
271 299
742 514
186 749
821 308
389 552
507 260
946 934
712 546
17 762
363 422
