2
999 999
1 316
1 315
315 746
746 63
746 644
644 907
644 815
815 600
600 57
57 443
57 81
443 824
81 956
824 154
956 585
154 689
689 716
716 309
716 827
827 200
200 357
357 653
653 170
170 744
744 800
744 745
800 234
234 130
130 512
512 161
161 404
161 734
404 369
734 971
971 403
403 79
403 639
639 446
446 261
261 896
261 462
896 7
462 119
7 317
317 559
559 395
395 673
395 551
551 432
551 191
432 616
616 102
616 45
45 858
858 593
593 436
436 985
985 92
985 250
250 101
250 540
101 219
540 529
219 516
516 553
553 142
553 886
142 496
496 188
496 562
562 235
562 614
235 661
614 584
584 349
584 295
295 986
986 128
986 417
128 120
120 691
691 641
691 375
641 535
535 875
535 806
875 954
954 473
473 999
473 43
999 55
43 758
55 4
4 334
4 805
805 271
271 837
271 557
837 243
243 339
339 506
506 708
506 33
33 159
33 994
159 239
239 980
239 670
980 78
670 773
773 686
686 638
686 740
638 700
700 588
588 650
650 893
650 872
893 961
961 83
961 520
83 341
341 729
341 94
94 362
94 51
51 751
51 601
751 185
185 850
185 926
850 202
202 40
40 226
226 456
456 60
60 326
326 132
132 368
368 360
360 400
360 517
517 596
596 683
683 441
683 797
441 987
987 84
84 322
322 469
469 272
469 917
917 156
156 288
156 483
288 76
483 149
76 933
149 637
933 214
637 67
67 174
67 947
947 643
643 264
643 777
264 958
777 387
958 541
541 873
541 748
748 555
555 252
555 935
935 610
610 158
610 573
158 268
268 640
640 284
284 648
284 324
324 72
324 283
283 611
283 290
611 182
290 908
908 82
82 879
82 528
879 877
877 331
877 27
27 54
54 115
54 419
419 581
581 396
581 303
303 88
303 667
667 455
455 623
455 563
623 891
891 189
891 363
363 172
172 803
803 842
842 855
842 864
864 294
294 437
437 435
435 386
386 632
632 927
927 989
927 615
615 866
866 351
351 714
714 337
714 310
310 30
310 301
30 620
620 59
620 428
428 900
900 124
124 713
124 65
713 6
6 494
6 467
467 767
767 137
767 227
137 705
227 690
690 726
690 223
726 832
832 377
832 552
552 378
378 966
378 929
929 628
929 781
628 820
820 967
967 56
967 9
9 314
9 762
314 431
431 723
723 835
723 995
995 507
995 944
944 176
944 416
416 697
416 114
697 769
769 779
779 410
410 366
366 909
366 582
909 486
582 399
486 242
399 460
242 984
460 421
984 841
421 957
841 503
957 518
518 604
604 292
292 333
292 735
735 543
735 409
409 675
675 732
675 854
854 475
475 345
475 429
345 418
418 468
418 696
696 125
696 876
125 532
876 527
527 819
819 963
819 279
279 743
279 15
743 71
71 306
306 844
306 48
48 546
48 282
546 281
282 34
281 668
34 768
668 490
490 498
490 218
498 457
218 80
457 20
20 860
20 851
860 488
851 821
821 919
919 97
97 411
97 895
411 481
481 476
481 818
476 308
818 385
385 940
940 763
940 677
763 3
3 707
3 688
707 871
688 491
871 629
629 143
629 794
143 356
794 478
478 988
988 216
216 75
216 133
133 923
923 451
451 825
451 127
127 492
492 608
492 440
608 153
153 828
153 922
828 98
98 776
98 183
776 566
566 682
682 340
340 406
340 414
414 442
442 807
442 17
17 727
727 565
565 816
816 499
816 560
560 722
560 44
722 405
44 969
969 489
489 791
791 680
791 165
680 607
165 622
622 86
86 788
788 36
788 882
36 859
859 361
859 255
255 354
255 564
354 336
564 981
336 373
981 66
66 425
425 962
425 658
962 485
658 108
485 210
210 152
152 25
25 365
365 265
265 459
265 358
358 676
676 325
325 838
325 493
838 795
493 523
795 138
523 90
90 580
90 955
580 741
955 77
741 561
77 635
635 783
783 857
857 720
720 549
720 770
770 106
770 839
839 731
839 346
346 504
346 778
778 401
778 786
401 367
367 694
694 772
772 881
881 617
617 266
617 649
649 809
809 932
932 583
932 472
583 718
718 232
718 525
525 348
525 775
775 497
497 742
497 574
574 996
996 911
911 630
630 14
14 217
217 514
217 878
878 861
878 298
861 198
198 144
144 193
193 422
193 921
422 388
388 901
388 613
613 862
613 327
862 978
978 701
701 823
701 977
977 89
977 10
10 502
502 253
253 738
253 213
738 259
213 412
412 392
412 548
548 899
548 912
899 522
912 894
522 74
894 739
74 280
739 131
280 482
482 296
482 709
296 291
709 578
578 260
578 50
260 960
960 302
302 715
715 286
286 693
286 945
945 184
184 657
184 524
524 319
319 270
270 684
270 42
42 865
865 118
118 511
118 880
880 674
674 598
674 39
598 761
39 117
761 605
605 975
975 870
975 398
398 372
372 73
372 350
73 749
749 812
812 868
812 545
545 976
976 413
976 501
413 536
536 11
536 220
11 318
318 651
651 953
953 477
477 874
874 454
454 93
93 444
93 274
444 215
215 856
856 833
856 447
833 168
447 941
941 970
970 678
970 461
678 211
461 390
211 495
390 852
852 521
852 248
521 194
248 572
194 320
572 846
846 692
846 766
692 87
766 903
87 924
903 946
946 993
993 95
95 704
95 321
321 599
599 323
323 225
323 619
619 654
654 728
728 269
728 146
269 567
146 949
567 577
949 208
577 163
208 706
706 774
774 374
774 21
374 246
21 983
983 58
58 23
58 771
23 464
771 725
725 397
725 905
905 433
433 62
62 458
458 534
534 753
534 834
834 273
834 145
145 916
145 736
916 330
736 277
330 576
277 353
576 371
353 625
625 230
625 603
230 802
802 602
602 18
602 49
18 782
782 0
0 221
221 5
221 810
5 263
263 556
263 618
618 884
884 920
920 750
920 550
750 463
463 46
46 19
19 822
19 151
822 192
151 627
627 936
627 389
389 626
389 487
626 624
487 662
662 804
662 484
484 547
484 898
898 276
898 513
513 52
513 687
687 888
888 448
888 110
110 180
180 798
180 711
711 591
591 621
591 831
831 570
831 285
285 247
285 959
959 519
519 587
519 943
943 424
424 186
186 558
558 656
656 712
712 140
140 897
140 863
897 480
863 790
480 222
222 299
222 415
415 116
116 679
679 187
187 695
695 887
887 278
278 181
278 633
181 64
633 150
150 238
238 681
238 843
843 107
843 964
107 37
964 2
37 634
2 434
434 204
204 931
931 171
931 157
171 666
666 123
123 61
61 937
61 169
169 344
344 914
344 544
544 853
853 236
853 890
236 453
453 164
164 913
164 329
329 569
329 262
569 669
669 799
799 256
256 757
256 196
757 867
196 973
867 510
973 538
538 991
538 645
991 178
178 592
592 111
111 609
111 359
609 869
869 474
869 300
300 594
300 974
974 249
974 787
249 376
376 808
376 304
304 147
147 68
68 275
68 539
275 155
539 636
155 231
636 311
231 175
175 508
508 338
508 785
338 942
942 335
942 162
335 407
162 347
407 38
38 190
190 136
136 733
136 13
733 35
13 26
35 479
479 817
817 199
199 28
28 575
575 939
939 612
612 267
267 754
267 205
754 129
205 883
883 780
780 811
811 370
370 312
370 948
948 902
948 245
245 509
509 24
24 965
24 950
950 597
950 990
597 652
990 759
759 452
759 992
992 228
992 710
228 430
710 207
430 195
207 664
195 167
664 297
297 848
848 439
439 568
439 659
568 737
659 982
737 29
982 938
29 814
938 892
814 12
12 258
258 830
830 203
830 792
792 212
212 660
660 408
408 91
408 542
542 379
379 402
379 287
402 139
139 655
139 470
470 760
470 840
760 307
840 85
307 730
85 16
16 979
979 505
979 642
642 721
642 952
952 530
530 663
530 96
96 829
829 381
829 928
928 426
928 113
113 134
113 382
382 685
685 849
849 197
849 951
951 515
951 224
515 99
99 789
99 646
646 665
665 244
665 631
244 47
631 342
47 355
355 972
355 69
972 724
69 135
135 352
135 233
233 148
233 915
148 103
915 845
103 257
845 934
257 328
328 427
427 813
427 801
813 121
121 671
121 177
177 70
177 394
70 571
394 885
571 166
885 41
41 240
240 201
201 438
438 997
997 173
997 796
173 699
699 313
699 930
313 765
930 364
765 380
364 904
380 445
445 105
105 579
105 160
579 533
160 384
384 752
384 22
752 100
22 293
100 237
293 531
237 537
537 8
537 755
8 289
289 122
122 141
141 703
703 526
703 332
526 466
466 450
466 756
756 747
747 109
109 343
109 32
32 254
254 586
586 589
589 423
423 836
423 590
590 910
590 251
251 112
251 31
112 647
647 906
906 698
698 998
698 719
719 500
719 229
500 465
229 305
305 104
305 784
784 391
391 606
391 53
606 717
53 793
717 889
793 595
889 702
702 918
702 554
918 968
968 764
968 209
764 449
449 393
393 847
393 241
241 383
241 925
383 179
179 826
179 672
826 126
126 471
126 420
115 990
84 541
475 803
339 892
260 590
493 527
249 568
440 769
121 565
159 602
728 457
742 213
589 920
218 312
654 4
40 741
795 920
547 685
709 834
91 504
901 43
22 942
508 658
300 342
255 304
660 668
588 413
114 220
367 49
282 383
980 252
917 507
458 66
101 671
502 570
888 41
595 559
747 218
151 744
63 769
875 299
943 896
911 291
403 432
543 616
397 767
690 250
868 551
446 545
9 308
387 718
868 658
642 377
157 29
956 108
203 32
5 281
565 74
186 855
900 594
669 941
332 659
654 187
669 993
627 429
986 999
556 538
294 276
543 938
181 777
912 90
445 515
475 22
551 72
509 405
220 587
90 618
39 437
572 460
921 68
512 100
646 674
267 340
756 564
895 423
952 420
412 300
633 315
180 898
757 837
8 781
366 91
587 731
65 986
508 42
926 734
938 760
195 792
859 739
186 540
240 720
192 83
955 65
702 578
567 787
575 120
67 294
666 478
542 833
59 797
926 480
356 608
125 158
451 727
300 479
240 188
844 841
345 428
353 319
734 495
366 106
22 217
10 209
935 719
858 14
238 108
881 801
682 714
65 574
207 210
812 97
413 673
66 963
485 112
114 881
879 924
26 996
223 336
211 360
199 482
760 289
739 139
134 987
651 523
217 654
625 196
917 493
586 751
107 522
801 341
675 568
592 221
930 31
564 183
744 209
573 84
749 655
219 761
576 58
184 488
334 446
84 153
10 339
396 99
206 833
948 320
993 529
901 96
485 883
161 679
87 500
79 155
302 399
635 319
155 459
478 604
588 737
553 53
44 409
653 453
787 510
131 487
932 510
653 936
430 826
960 237
558 643
725 532
781 440
821 63
29 921
596 444
277 250
601 832
595 915
126 452
460 523
780 690
21 270
288 272
861 489
928 179
38 9
576 241
721 204
931 965
882 292
749 431
142 231
932 887
134 848
253 768
30 334
106 4
388 952
32 268
815 555
122 899
5 170
200 850
478 641
677 892
645 854
351 582
818 73
976 999
758 805
421 183
913 419
791 809
364 224
744 269
868 472
944 299
429 969
606 791
62 945
655 947
799 844
509 98
658 889
239 262
270 979
674 105
153 906
853 566
865 991
387 915
439 241
624 198
111 439
911 85
548 739
152 853
944 196
701 922
877 388
331 796
830 597
434 474
244 638
408 300
452 457
708 858
655 804
108 38
493 770
596 782
566 992
470 359
53 975
340 51
652 178
497 690
594 727
646 992
626 511
21 246
493 160
953 896
549 15
434 202
673 119
444 678
57 538
777 615
679 519
653 676
792 449
336 178
114 532
804 892
805 175
128 963
747 775
909 414
444 309
654 693
287 402
667 955
102 30
377 233
221 55
754 604
662 666
119 496
702 543
216 454
924 112
560 63
212 541
449 808
363 473
205 904
871 808
463 589
875 670
756 564
976 872
836 145
886 255
341 199
557 492
175 57
382 926
302 906
895 947
372 7
37 339
742 181
361 237
454 513
557 757
227 312
159 244
835 170
588 344
398 996
619 54
653 963
440 894
969 347
309 528
262 117
291 270
320 669
386 428
781 200
944 868
275 673
461 366
915 307
518 555
142 40
351 785
404 553
476 187
994 545
266 859
202 817
449 591
199 28
394 14
850 206
525 958
137 369
791 309
143 782
534 111
877 446
487 922
833 915
938 243
958 205
557 879
749 28
721 403
388 198
597 519
432 841
465 803
625 742
390 993
446 866
857 110
544 850
777 725
313 136
754 892
375 630
638 267
166 118
529 651
90 737
767 454
211 311
353 61
115 636
855 341
726 539
810 588
712 292
319 160
680 111
275 633
599 459
340 588
151 863
868 40
189 303
754 807
867 858
23 100
103 145
845 22
4 769
915 830
612 23
582 457
148 547
711 249
316 353
602 211
887 120
831 279
43 252
391 622
189 217
185 978
575 361
404 680
826 509
837 812
301 224
863 436
460 897
688 590
497 485
702 528
960 45
613 258
117 716
131 138
566 780
412 692
956 289
491 608
650 715
715 809
64 286
786 955
231 970
744 425
55 546
531 111
904 212
660 813
660 774
497 991
45 956
645 430
924 18
205 807
543 592
586 125
481 164
866 898
331 921
133 458
34 915
912 432
831 851
113 189
618 359
136 728
829 275
248 978
729 434
409 894
296 808
287 503
554 768
869 498
807 304
943 313
610 233
316 734
615 399
988 680
736 844
345 109
984 612
683 912
768 248
749 40
427 869
801 463
572 746
654 485
876 737
478 348
32 554
33 577
202 956
61 12
39 406
358 942
20 605
765 460
574 960
760 747
995 124
413 473
264 380
158 112
294 678
694 408
808 891
640 746
784 514
662 474
561 851
194 168
349 214
676 173
448 961
464 88
205 416
257 962
129 84
335 736
119 946
117 196
396 302
806 361
554 149
182 327
894 725
656 851
200 545
956 434
595 682
846 136
446 900
917 12
730 445
375 141
333 627
956 529
476 928
917 44
102 683
620 610
149 663
887 310
208 243
297 634
506 59
347 54
735 991
490 63
373 84
160 991
68 572
467 771
452 403
694 658
491 531
282 153
868 471
652 105
429 981
770 303
296 797
929 124
228 505
566 798
818 901
841 341
69 833
890 541
561 23
837 301
267 724
826 796
123 467
953 980
102 559
224 865
618 92
398 630
403 80
599 787
248 787
494 392
64 1
144 853
872 86
834 200
737 843
460 181
538 758
98 560
246 324
399 838
440 341
274 74
819 74
704 839
822 644
304 243
7 894
495 75
557 178
166 63
136 564
912 900
715 301
226 35
359 693
506 973
764 111
796 656
233 103
905 164
709 231
786 875
234 994
478 283
442 77
788 878
599 124
50 552
332 433
374 318
311 402
83 336
333 502
617 492
96 352
408 892
139 835
8 161
76 399
943 769
808 691
970 610
474 829
522 534
775 787
114 299
179 666
814 283
413 471
213 50
940 246
432 210
993 219
60 743
384 251
42 943
587 221
351 542
473 443
511 743
243 421
202 459
805 142
132 759
853 206
857 53
255 477
967 967
464 7
997 671
594 959
498 77
435 629
933 876
408 208
194 804
203 25
292 429
137 597
366 83
226 271
697 181
940 676
515 280
702 499
557 816
98 581
711 276
774 301
298 837
705 618
255 46
933 111
113 402
707 34
332 950
428 258
672 228
762 653
500 504
571 340
820 233
602 27
311 517
175 701
444 993
834 932
309 128
785 983
412 774
588 753
770 722
242 171
907 770
997 776
124 351
228 560
188 929
292 137
857 296
40 419
24 261
77 639
113 10
753 736
740 191
676 325
888 92
795 207
250 571
150 752
713 608
870 901
440 648
378 470
326 125
53 324
395 720
940 787
877 592
856 873
191 700
799 460
745 239
255 714
288 546
140 735
264 764
241 887
788 330
697 758
931 367
936 593
598 448
766 320
334 574
264 839
216 514
487 130
921 356
648 158
12 196
39 638
821 935
702 762
985 785
205 617
819 984
610 564
273 916
940 402
412 880
723 132
163 510
894 84
705 116
114 577
154 133
890 924
509 714
461 65
188 188
601 701
133 96
734 42
679 461
968 745
268 371
95 742
343 973
514 140
1 447
202 369
868 564
359 876
722 265
534 769
658 28
901 191
309 305
363 295
452 239
47 47
423 284
88 833
42 531
752 532
96 641
699 68
853 674
370 518
4 500
342 549
457 363
414 234
928 9
777 741
90 510
407 319
956 608
416 964
663 676
174 833
236 551
430 968
947 74
40 94
301 853
17 782
872 336
746 897
256 379
339 116
142 869
139 454
196 841
843 286
579 883
105 810
3 756
788 26
273 892
838 809
153 544
833 347
805 826
773 582
297 443
242 726
130 121
404 837
605 100
229 350
650 291
542 467
646 714
974 187
823 354
252 395
997 569
517 436
241 177
453 557
143 478
943 882
628 717
543 339
641 367
593 371
666 839
970 88
942 530
646 34
402 806
985 366
479 450
534 975
771 965
138 609
936 518
191 480
326 901
923 762
667 867
438 522
206 99
869 851
288 912
217 505
750 78
557 538
488 75
937 745
495 513
708 571
370 402
430 792
418 552
86 334
124 825
415 460
91 909
520 845
678 638
494 115
134 530
443 258
39 299
399 920
870 964
451 337
418 979
292 444
178 649
553 633
600 786
664 803
756 321
756 910
235 777
941 483
869 660
982 166
821 632
844 169
533 742
425 688
136 266
25 113
196 764
52 371
952 424
628 180
499 258
633 931
486 565
577 410
233 589
549 734
105 475
803 263
277 846
581 750
293 971
804 527
983 444
402 934
886 977
60 151
41 634
642 829
65 915
559 177
429 36
892 76
529 595
381 458
53 72
243 811
408 38
842 151
739 5
868 242
98 534
229 397
581 568
462 985
709 137
996 195
328 680
945 252
427 302
631 39
32 987
147 223
544 967
864 558
366 204
131 188
907 821
172 91
280 854
409 192
735 949
70 44
337 883
456 267
718 788
317 454
806 291
144 8
980 590
359 253
94 175
