2
1000 1000
1 609
609 672
672 372
372 692
372 518
692 512
512 269
269 509
509 870
509 636
870 174
174 563
174 461
461 180
461 74
74 922
74 653
922 917
917 531
531 40
531 341
341 557
341 637
557 189
189 83
189 580
83 504
580 818
818 67
818 709
67 41
709 698
698 960
698 773
960 852
773 391
391 209
209 300
209 714
714 237
714 59
237 165
59 899
899 477
477 966
966 690
966 891
891 710
891 562
562 883
883 87
87 699
699 721
699 101
721 37
37 128
37 564
564 235
564 397
397 645
397 641
645 582
641 413
413 665
665 860
665 565
860 447
565 234
234 757
757 217
757 65
65 767
65 441
441 627
441 150
150 480
480 68
480 342
68 265
342 743
743 568
568 523
568 990
990 788
788 494
788 657
494 415
415 676
676 855
855 894
894 559
559 233
559 795
795 450
450 446
450 238
446 680
680 730
730 596
596 98
98 322
322 403
403 202
403 925
202 475
925 107
475 608
107 949
608 290
949 544
290 84
544 483
84 862
483 734
862 10
734 980
980 142
142 255
255 921
255 749
749 884
749 310
884 53
53 211
211 973
211 882
973 552
552 39
552 486
39 153
153 422
153 904
422 941
904 530
530 457
530 804
804 26
804 516
516 702
516 38
38 411
411 522
411 427
522 277
427 399
277 681
399 936
936 95
936 634
95 458
458 210
458 979
210 149
149 245
245 727
727 724
724 688
688 50
688 778
778 224
778 186
186 193
186 6
193 44
44 18
18 708
708 938
938 525
525 135
135 933
135 955
933 30
955 505
30 612
505 339
612 577
577 401
577 678
678 349
678 881
349 759
759 72
759 319
72 811
319 647
811 406
647 266
406 324
266 502
502 333
333 132
132 745
132 839
745 547
839 545
547 249
545 902
249 62
62 969
62 463
463 286
286 950
950 365
950 20
365 263
263 558
558 728
728 203
203 746
746 893
746 570
570 243
243 275
243 970
970 501
501 674
501 764
674 946
764 273
273 546
273 526
546 768
768 431
431 60
60 499
499 951
951 440
440 706
706 121
121 677
121 754
754 787
754 368
787 4
368 299
4 8
8 815
815 469
815 366
366 199
366 733
733 479
733 393
479 169
169 405
169 809
405 508
508 197
508 920
197 784
784 775
784 350
775 511
350 99
511 536
536 43
43 343
343 103
103 392
103 323
392 79
79 834
834 64
834 597
64 21
21 802
802 428
428 789
789 468
789 326
468 927
326 668
927 296
668 395
395 514
514 623
623 707
707 739
739 239
239 793
793 667
667 384
667 750
750 684
750 762
684 635
762 669
635 363
363 364
364 604
604 297
604 139
139 871
139 519
519 867
867 573
573 387
387 898
387 129
898 985
129 279
985 861
861 31
861 942
31 223
942 945
223 785
945 956
956 327
956 887
887 967
887 141
141 379
141 185
379 227
185 779
227 424
779 543
543 81
543 617
81 858
858 200
858 254
254 332
254 130
130 929
130 205
205 371
205 810
371 974
810 997
974 444
997 123
123 355
123 248
355 285
248 524
285 137
137 92
137 309
92 896
896 412
896 846
412 812
812 274
812 91
274 987
987 550
550 892
892 841
892 585
841 385
385 409
409 599
599 158
599 794
158 744
744 719
744 700
700 551
551 989
989 470
989 85
470 136
136 629
629 156
156 837
156 843
837 857
857 995
995 822
995 694
822 535
535 592
535 145
145 163
145 914
163 178
914 606
178 383
606 748
748 534
748 194
534 760
194 170
170 386
170 618
386 682
618 288
288 15
288 823
15 548
823 593
548 805
805 369
805 649
649 928
928 242
242 73
242 207
73 590
207 992
992 476
992 826
826 455
826 732
732 138
138 918
138 549
918 133
133 639
133 13
639 358
13 134
358 102
102 829
102 991
991 334
334 720
720 191
191 148
148 57
148 375
375 5
5 537
5 434
537 783
783 633
633 66
66 198
66 80
80 962
80 161
962 236
236 827
827 712
712 244
244 622
622 49
49 465
49 683
683 842
842 430
842 959
430 926
926 541
541 766
766 875
766 151
151 863
863 122
122 693
122 601
601 305
305 318
318 747
747 433
747 533
433 12
533 988
988 911
988 496
911 679
679 940
940 439
439 625
625 736
625 666
736 454
666 835
835 786
786 252
786 488
252 23
23 71
23 833
833 497
833 182
497 723
182 619
619 495
495 850
850 994
850 231
994 738
231 208
208 19
208 915
19 119
915 144
144 830
830 298
830 953
953 432
432 419
419 17
17 340
17 276
276 61
61 696
696 192
192 600
192 258
600 491
491 307
491 752
752 686
686 529
686 351
351 229
229 687
229 114
114 338
338 982
338 448
982 408
408 259
408 890
890 735
890 554
735 755
554 515
515 876
515 717
717 510
510 500
510 35
35 670
35 421
421 761
761 472
761 895
895 685
895 983
685 131
983 76
131 291
291 889
291 104
889 320
320 567
320 452
452 253
452 854
253 621
854 283
283 301
301 673
673 984
984 328
984 613
613 972
613 888
888 442
888 78
78 143
78 848
143 828
848 556
556 658
658 716
716 594
716 868
868 602
868 218
218 726
218 376
726 817
817 807
807 232
807 806
232 943
943 831
831 485
831 378
485 453
453 977
977 836
977 1000
836 155
1000 190
190 388
190 219
388 25
25 105
25 630
630 166
630 718
166 572
572 981
981 359
981 731
359 742
742 295
295 869
869 575
869 923
923 664
664 410
410 46
410 840
46 560
560 292
560 798
798 115
115 487
115 438
438 36
36 615
36 772
615 426
772 954
426 797
954 86
86 908
908 753
753 931
931 404
404 264
264 45
264 56
45 467
56 576
576 824
576 958
824 503
958 75
75 187
75 660
187 579
660 571
571 934
934 418
418 362
418 176
362 964
964 801
801 315
801 313
313 729
729 225
225 48
48 164
48 352
164 740
740 711
711 171
711 126
126 256
256 417
256 272
417 901
272 293
293 800
800 704
800 484
484 108
484 769
769 312
312 152
312 306
306 302
302 400
302 162
162 425
162 569
569 910
910 7
7 859
7 396
859 120
120 464
120 937
464 374
374 909
909 459
909 725
459 24
24 813
24 654
654 689
689 177
177 261
261 751
751 213
213 838
213 251
838 221
251 978
221 90
978 527
527 652
652 659
659 595
659 905
905 741
741 584
741 832
584 303
303 329
303 880
329 825
880 167
167 632
167 116
632 814
116 703
814 872
703 553
872 127
127 542
127 353
353 792
792 644
644 907
907 423
423 188
423 117
117 642
642 624
642 175
624 610
610 498
498 462
498 603
462 330
330 260
260 756
756 912
756 357
912 507
507 435
507 581
435 965
581 204
965 402
402 97
402 389
389 172
172 517
172 228
228 436
228 348
348 354
348 282
282 195
195 325
195 574
574 986
574 616
616 932
616 935
935 874
935 885
885 662
662 770
770 147
770 737
737 93
93 356
93 791
356 705
791 998
705 125
998 713
713 886
713 382
886 866
866 493
493 780
493 443
443 429
443 774
774 856
856 539
856 184
539 640
184 650
650 489
650 246
489 924
924 317
317 110
110 481
481 758
758 377
758 69
69 159
159 222
159 561
561 975
561 963
963 398
963 878
398 821
821 157
157 473
473 304
304 241
304 212
212 308
308 407
308 583
583 913
583 336
336 695
695 52
52 168
168 957
168 381
957 506
506 34
506 803
34 394
803 643
394 337
337 0
337 346
346 173
173 335
173 451
451 588
588 88
88 675
675 605
605 471
605 154
471 321
154 853
321 538
853 380
380 311
380 513
311 344
344 331
344 845
331 9
9 449
9 591
449 373
373 930
373 94
930 961
94 214
961 976
214 877
976 939
939 520
520 54
54 614
614 289
614 661
661 968
968 790
790 58
790 474
58 100
474 96
96 201
96 671
671 611
671 268
268 262
268 578
578 456
578 715
456 226
226 206
206 111
206 106
111 271
271 294
294 347
294 873
873 631
631 55
55 370
55 42
370 864
42 437
437 345
437 314
314 22
314 220
220 897
897 28
897 113
113 651
651 916
651 89
89 799
799 906
799 879
906 361
361 181
361 587
181 851
851 63
63 765
63 215
215 51
51 903
903 492
492 490
492 445
490 777
445 247
247 626
626 638
638 816
816 521
816 3
521 482
3 70
482 284
284 701
701 993
701 118
993 646
118 722
722 47
722 367
47 819
819 607
819 29
607 971
971 996
971 540
996 466
540 999
999 267
999 763
763 656
763 240
656 216
216 781
781 32
32 414
414 11
11 948
948 14
948 420
14 160
420 532
160 280
532 663
663 555
555 16
555 140
16 944
140 109
109 947
947 589
947 620
620 919
919 566
919 796
796 82
82 287
82 844
287 360
360 865
360 250
250 900
250 146
900 808
808 230
808 33
33 849
33 782
782 586
586 257
257 776
776 77
77 316
77 655
316 281
655 124
281 648
648 697
697 196
697 2
196 390
2 691
390 820
820 27
27 112
27 528
112 278
528 183
183 952
952 847
847 771
847 628
628 460
460 478
460 416
416 270
416 179
293 970
410 553
433 576
904 522
545 220
587 701
656 940
297 398
280 701
466 133
705 701
168 286
663 447
828 753
238 345
217 621
371 954
9 957
718 233
377 649
494 133
156 454
615 598
1 828
328 389
652 977
853 697
723 343
993 941
940 262
708 98
195 255
1 550
617 898
354 899
372 567
761 9
231 631
905 305
594 610
841 36
128 347
481 521
447 390
767 478
792 635
483 814
823 30
786 389
999 754
149 979
179 296
761 35
899 661
955 603
710 651
536 940
599 653
540 913
919 981
390 728
594 699
172 581
190 802
172 217
507 224
470 805
851 686
165 211
731 586
480 183
615 910
219 776
157 778
47 166
15 262
228 809
274 107
873 646
727 906
317 721
850 670
429 87
95 197
286 156
686 832
647 290
820 515
851 764
853 186
694 214
246 235
456 169
987 879
671 982
357 164
82 395
908 263
221 597
979 215
931 231
250 246
280 913
459 781
447 162
344 523
807 927
68 910
114 622
956 799
167 130
328 767
162 859
36 459
880 865
64 304
969 329
165 355
114 879
786 812
10 8
574 544
880 158
208 716
145 79
163 162
299 223
81 880
45 904
38 581
834 457
394 835
974 257
170 240
11 659
906 841
662 689
968 863
966 127
861 650
978 918
163 831
782 171
202 161
393 472
55 949
5 670
906 275
488 192
538 168
181 87
709 638
526 963
993 512
387 940
445 184
935 777
463 136
292 371
767 934
502 109
167 190
8 731
120 305
293 539
183 198
643 486
436 43
53 554
318 919
94 702
799 116
675 465
542 514
938 91
799 370
696 664
704 34
355 218
888 906
869 620
204 104
12 760
72 870
449 283
557 380
528 568
272 223
964 13
983 695
36 514
656 430
232 403
964 940
131 977
371 615
88 814
77 120
278 334
871 498
499 216
621 97
30 523
469 268
190 907
439 294
68 105
88 578
274 700
784 143
632 535
482 715
901 571
64 481
247 56
790 400
739 221
829 973
308 695
68 183
209 786
429 742
702 138
166 840
47 590
293 529
358 609
468 465
104 475
406 314
681 446
797 273
703 846
518 925
865 976
102 401
117 951
66 550
42 134
380 849
131 494
525 740
735 896
614 508
286 897
621 724
846 53
226 20
208 619
695 418
314 723
638 953
605 793
686 344
685 260
642 229
802 568
398 29
89 963
997 170
268 968
766 671
171 211
91 16
93 473
924 287
776 405
614 237
502 134
571 690
334 897
321 949
176 446
1000 824
923 108
549 259
445 670
636 942
356 179
938 102
789 969
938 734
11 573
259 956
448 606
739 583
767 894
113 401
310 806
644 898
133 644
666 121
892 808
448 379
817 417
930 860
657 373
281 941
24 239
763 442
492 784
810 264
774 193
465 602
629 214
258 363
115 940
287 109
346 716
468 51
689 476
896 974
169 638
576 953
298 617
551 318
866 990
564 987
239 831
730 269
433 602
545 715
673 418
878 563
765 206
152 367
540 790
428 982
859 941
412 62
723 727
737 433
760 475
610 675
195 532
823 996
100 468
658 794
905 151
133 181
898 10
429 200
972 101
562 783
454 726
583 208
873 536
454 261
720 551
70 345
970 534
900 454
835 980
679 433
728 901
381 684
620 398
193 199
577 745
889 207
632 512
676 502
806 321
958 456
126 291
635 972
123 641
677 244
682 217
215 669
375 207
393 980
119 225
671 692
371 49
477 792
490 911
191 358
573 286
35 181
519 524
63 854
459 883
706 842
190 16
872 92
620 883
259 453
961 790
117 815
229 313
689 537
752 300
989 403
364 688
807 375
7 436
376 99
862 105
152 91
150 310
974 666
385 660
60 941
365 490
599 987
766 88
724 36
779 251
478 823
117 822
22 187
251 769
15 638
910 101
584 185
466 56
74 644
392 763
49 447
717 797
835 769
451 925
605 826
631 148
884 809
773 714
979 855
516 799
245 335
530 556
851 689
995 998
109 752
405 315
115 27
72 578
963 947
267 870
831 19
394 455
430 877
247 108
978 273
231 9
355 259
828 431
330 547
532 145
20 48
804 317
731 350
185 298
203 608
829 408
284 203
455 388
595 644
142 867
997 651
368 116
709 417
957 565
43 267
499 486
745 661
965 512
160 263
493 369
906 761
272 64
436 327
162 733
7 854
479 381
262 134
200 593
677 667
971 349
669 459
259 72
78 705
815 637
348 911
433 132
917 105
227 404
324 789
598 886
97 444
724 413
763 996
756 549
979 679
33 813
384 636
488 154
231 938
501 830
855 725
460 839
635 759
969 589
45 162
50 605
842 233
873 728
206 332
592 869
352 730
752 257
263 377
358 70
812 814
792 819
628 640
675 85
905 77
782 123
114 666
189 354
832 319
776 288
565 281
89 678
819 547
909 545
911 952
727 657
337 309
794 948
396 823
408 223
703 472
892 761
810 637
823 627
417 791
16 998
719 174
10 837
66 782
112 752
81 21
125 893
563 124
521 461
635 402
301 811
370 900
924 862
770 276
985 89
139 506
177 907
13 787
899 876
361 917
881 465
365 43
301 412
559 157
452 687
803 410
198 96
103 774
217 251
384 896
545 584
176 951
935 905
654 568
977 616
113 265
3 675
929 101
740 36
27 571
365 870
991 297
408 807
127 21
152 829
498 382
358 459
783 614
673 127
782 96
556 64
335 879
618 921
569 628
681 851
97 994
797 697
733 391
117 766
586 700
432 585
721 79
334 827
813 602
472 888
348 892
250 720
763 837
867 163
113 322
445 302
850 895
984 496
769 949
477 938
586 996
549 349
460 556
500 738
575 301
572 260
434 609
892 640
925 515
72 366
676 735
282 720
113 91
599 757
571 648
593 686
181 898
861 143
711 851
569 963
649 731
364 730
337 807
6 992
627 790
563 968
580 827
49 21
423 860
670 188
454 122
599 81
999 448
482 484
858 276
187 122
693 812
910 934
881 371
636 700
846 760
71 348
914 354
550 883
710 328
135 362
196 663
618 271
604 931
898 222
97 689
730 139
428 145
731 50
297 392
743 756
11 445
87 466
273 100
367 238
838 398
43 255
746 106
451 139
285 248
825 39
254 27
939 714
675 954
310 792
324 514
855 761
983 243
985 567
171 574
237 494
475 822
463 699
836 970
809 816
78 609
958 381
810 909
239 977
560 481
1 133
571 906
420 376
797 79
52 36
880 884
955 603
855 79
962 994
429 575
571 630
495 600
840 404
366 548
421 785
101 573
108 780
10 761
142 501
599 817
929 350
181 476
980 516
382 608
273 731
986 251
678 91
179 88
512 858
278 603
367 1000
349 963
654 686
371 210
636 676
71 990
527 650
178 936
326 125
821 786
307 638
315 14
457 999
860 322
783 841
830 760
804 841
991 785
29 322
805 676
509 44
313 495
325 576
307 21
729 69
978 554
417 397
673 728
261 240
125 135
302 116
594 132
700 329
56 130
68 368
546 893
67 421
874 942
312 601
460 290
732 760
813 152
592 156
143 730
799 261
274 1000
243 703
270 957
119 385
245 355
192 964
814 357
515 363
574 874
314 142
468 21
159 268
806 490
911 906
91 358
536 541
71 318
152 166
366 2
310 524
742 64
203 426
190 608
601 849
671 322
184 659
603 143
72 391
696 238
920 831
4 519
590 711
448 372
603 538
347 269
112 669
308 397
769 385
563 286
706 771
21 846
369 856
964 826
402 296
238 347
274 679
690 861
779 614
94 959
425 94
811 478
585 150
437 88
23 419
837 796
554 270
709 961
674 197
426 640
912 12
560 472
658 384
990 320
660 987
52 294
782 817
503 513
714 834
949 991
40 553
851 748
646 83
502 830
440 582
546 502
916 979
205 891
861 359
63 636
384 952
388 768
212 808
570 95
210 813
348 126
790 805
656 200
215 347
883 308
501 477
685 725
544 338
413 694
37 221
428 553
458 543
609 969
679 106
672 416
881 652
524 418
995 806
903 490
395 733
377 162
561 268
804 539
217 365
371 643
473 167
591 741
553 267
949 211
877 171
8 92
614 433
815 809
745 534
789 395
806 584
5 164
311 401
827 158
833 278
826 607
691 25
655 212
652 750
704 214
663 677
170 927
547 437
206 647
57 637
971 974
660 594
851 527
779 570
107 463
741 171
780 474
928 22
874 561
99 274
867 671
488 348
936 755
42 45
777 697
92 196
892 141
911 757
878 619
39 396
861 848
709 988
334 828
376 177
73 712
546 923
548 237
459 167
641 320
78 2
693 676
734 362
164 796
974 94
12 949
382 763
324 969
975 269
60 840
141 350
102 856
102 407
620 657
423 103
247 369
274 798
865 949
218 675
16 377
87 549
896 968
621 450
221 286
209 895
51 354
300 989
293 147
966 225
461 858
438 670
426 259
647 224
524 573
797 519
603 858
537 204
482 237
882 267
82 938
494 168
34 342
806 934
976 670
758 432
428 558
97 402
811 628
593 758
200 294
947 646
624 304
101 766
374 45
524 55
474 368
412 598
65 360
247 185
310 473
486 406
443 856
363 142
749 173
