2
1000 800
1 411
1 14
14 206
14 942
942 239
239 879
239 927
879 209
209 100
209 248
100 58
58 698
698 392
392 225
392 664
664 817
817 231
817 37
37 862
37 449
862 320
449 814
814 989
814 906
989 115
115 189
189 761
761 826
761 962
826 183
183 178
178 176
176 268
268 820
820 63
820 282
63 997
282 601
997 762
762 418
418 624
418 700
700 258
258 614
258 36
36 622
36 986
986 711
711 581
581 684
581 903
903 455
903 131
131 665
131 404
404 716
716 285
716 227
285 460
460 981
460 873
873 238
238 104
238 602
602 577
577 480
577 856
480 916
916 725
725 823
725 316
316 95
95 875
95 431
875 533
533 821
533 885
885 572
885 867
572 804
867 374
374 210
374 696
696 799
696 490
799 192
192 246
246 327
246 881
881 164
164 334
334 438
334 68
68 146
146 387
387 834
834 863
863 819
863 360
819 241
241 311
241 119
311 771
119 486
486 980
486 759
980 915
759 518
518 704
518 201
201 790
790 514
514 293
293 779
293 682
779 450
450 787
450 995
995 535
535 818
818 205
205 712
712 38
712 102
102 584
102 93
93 571
571 845
845 828
828 28
28 211
211 457
211 20
457 841
20 325
841 483
325 61
61 580
580 749
749 332
332 21
332 47
47 815
815 229
815 244
244 968
244 919
919 465
919 866
465 314
866 908
908 983
983 623
623 657
623 540
657 549
540 887
887 158
887 461
158 570
461 233
570 659
233 697
659 667
697 923
667 79
79 463
463 599
599 660
660 507
660 918
507 782
918 1000
782 829
1000 382
829 155
155 767
767 481
481 792
792 955
955 839
955 152
839 868
868 301
868 685
685 385
685 479
385 2
2 448
448 637
637 213
637 53
53 453
453 597
597 415
415 412
415 346
412 528
528 703
703 560
560 236
560 212
212 90
90 524
524 874
524 793
874 889
889 167
167 26
167 848
26 368
848 427
427 964
964 281
964 440
440 788
440 230
788 575
230 442
442 437
442 763
437 555
555 471
471 336
336 326
326 515
515 49
515 405
49 179
405 406
179 632
632 899
899 909
899 615
615 605
615 34
605 31
34 576
576 17
576 184
17 191
184 269
269 135
135 686
135 857
686 579
857 751
751 87
751 714
714 114
714 33
114 309
33 204
204 544
204 365
544 185
365 487
487 478
478 658
658 719
658 177
177 436
436 501
501 473
473 347
473 526
526 676
676 675
676 904
675 593
593 451
451 893
893 748
893 996
996 80
80 890
890 464
890 305
305 898
305 312
312 289
312 626
289 843
626 530
843 691
691 708
708 865
865 641
641 609
641 284
609 373
284 118
118 351
351 417
351 650
650 795
650 917
795 506
917 838
506 861
838 338
861 426
338 40
426 252
252 11
11 267
11 470
470 735
470 653
735 354
653 117
354 559
559 323
323 556
323 956
956 257
956 359
359 222
222 430
430 355
355 245
245 603
245 742
603 74
74 527
527 109
109 727
727 757
727 413
413 350
413 783
783 207
783 160
207 472
472 215
215 910
215 589
910 389
389 671
389 752
752 523
752 764
523 982
764 635
982 973
635 643
973 785
643 662
662 905
905 70
70 772
70 707
707 444
707 739
739 883
739 606
606 260
260 124
124 197
124 150
150 193
150 511
511 353
511 835
353 498
498 780
498 491
780 276
276 809
809 638
809 520
638 952
952 134
134 170
170 680
170 340
680 695
695 582
582 482
482 298
298 462
298 467
467 27
467 253
27 180
253 186
186 548
548 216
548 673
673 832
832 961
832 595
595 42
595 273
42 971
971 299
299 474
474 652
652 946
652 120
120 620
620 148
620 766
148 991
991 397
397 196
397 629
196 672
629 963
963 144
963 743
743 588
588 4
588 797
797 709
797 249
249 198
198 94
198 741
741 699
699 502
502 429
429 456
456 900
900 808
808 16
16 756
756 140
140 331
331 891
891 168
891 618
168 988
618 324
988 768
324 681
681 188
188 600
188 934
934 274
934 203
274 295
295 880
295 468
880 639
639 428
428 569
428 125
125 718
125 133
718 985
985 130
130 690
690 363
690 721
363 959
721 35
35 122
35 137
137 394
394 993
993 536
536 50
50 758
50 393
393 706
706 75
706 960
75 458
960 272
458 7
272 945
7 161
945 805
161 849
805 613
613 591
591 542
591 54
542 194
194 872
872 55
872 308
308 190
308 646
190 545
646 494
545 381
381 504
504 18
18 551
18 407
551 41
41 443
41 500
443 564
564 633
633 912
912 806
806 830
830 568
830 563
568 377
563 493
493 567
493 290
290 732
290 951
951 876
951 736
876 786
786 882
786 111
111 678
678 717
678 408
717 199
408 687
199 929
929 816
816 342
342 127
342 214
214 113
214 562
562 3
562 902
3 328
328 701
328 142
142 631
142 489
489 337
489 159
337 10
10 62
10 247
62 894
894 98
894 855
855 733
733 854
733 778
778 651
651 496
496 157
157 376
157 261
261 770
261 938
770 263
263 683
263 291
683 182
182 169
169 537
169 561
537 424
424 925
424 776
776 349
776 803
349 81
803 304
81 166
304 107
166 138
107 920
920 978
920 705
978 858
705 941
941 221
941 223
223 979
223 132
132 852
852 679
852 693
693 592
693 802
802 888
802 240
240 649
240 953
953 773
953 459
773 116
459 64
116 101
64 510
101 583
510 948
948 987
948 92
987 24
92 345
345 935
935 321
321 933
933 348
348 512
512 141
512 932
141 724
724 877
724 341
341 607
607 966
966 266
966 517
266 56
56 254
254 596
254 403
596 286
403 859
286 539
539 181
181 154
181 237
154 366
366 48
366 573
48 774
573 939
939 9
9 853
853 760
760 386
760 557
557 262
262 318
262 907
907 108
108 447
447 147
447 608
147 924
608 488
488 250
488 886
886 409
409 553
409 89
553 44
44 730
730 648
648 911
911 810
810 922
810 812
812 519
519 943
943 390
390 798
798 60
60 495
60 476
495 636
636 307
307 6
6 106
6 319
319 975
319 226
226 343
226 750
750 439
750 83
439 32
83 313
313 822
313 509
509 661
509 402
402 965
965 208
965 611
208 747
611 396
396 13
396 121
13 974
974 297
297 566
566 930
566 521
521 369
369 554
369 416
554 110
416 224
224 421
421 947
947 317
317 723
723 585
585 976
585 840
840 151
151 288
151 19
19 452
452 384
384 728
728 57
57 634
57 831
634 587
831 243
587 825
825 801
801 322
322 565
322 344
565 949
344 901
901 851
901 46
46 357
357 256
256 781
256 807
807 287
807 640
287 259
259 884
884 746
884 692
692 674
692 0
674 401
401 531
531 315
315 485
485 921
485 508
921 532
508 66
66 330
66 162
162 612
162 740
740 972
972 999
999 784
999 280
784 897
897 950
950 65
950 710
65 292
710 174
174 813
174 869
813 270
270 642
642 645
645 753
645 171
753 475
171 379
475 69
379 543
69 516
543 310
516 306
306 128
128 399
128 423
423 264
423 836
836 846
836 84
846 279
84 96
96 5
5 870
870 769
769 446
446 878
446 85
85 25
25 300
25 796
796 242
796 694
694 441
441 220
220 383
383 361
383 931
931 984
931 202
202 590
590 73
590 824
73 153
153 375
153 617
375 391
617 105
105 420
420 913
420 940
913 833
833 265
833 175
175 112
175 627
112 550
627 928
550 195
195 745
195 51
745 967
51 277
277 372
277 871
871 497
871 432
497 998
998 129
129 731
129 67
731 574
67 765
574 12
765 619
12 52
52 218
52 302
302 677
677 992
677 367
992 688
688 937
937 97
97 936
936 163
163 30
30 522
522 380
522 811
380 926
811 339
339 655
339 669
669 541
541 283
283 715
283 850
850 663
850 970
970 969
970 433
969 621
433 656
656 275
275 251
275 23
23 505
23 534
534 944
534 228
228 173
228 335
173 71
335 271
71 670
670 72
72 847
72 136
847 513
136 546
546 837
546 604
837 722
604 754
722 126
126 644
126 957
957 378
957 844
844 86
86 187
86 860
860 484
484 702
484 594
594 419
594 29
419 172
29 156
172 914
156 616
616 864
864 78
864 333
78 410
333 775
410 791
791 294
791 217
294 234
234 422
234 525
525 45
525 296
45 666
666 789
789 892
892 235
892 362
362 755
362 139
139 558
139 454
558 99
454 827
827 88
88 22
22 720
720 425
425 200
425 145
200 388
145 713
388 630
630 395
630 744
744 352
744 628
352 647
647 547
547 149
149 358
149 329
358 371
329 499
371 689
689 777
689 143
143 123
123 370
123 445
370 552
552 255
552 466
255 503
503 356
503 794
356 958
958 842
958 232
232 303
303 477
477 896
477 977
896 598
977 625
625 954
625 469
954 529
469 103
529 435
103 278
435 895
278 538
538 8
8 414
414 76
414 734
76 39
734 77
77 82
82 737
737 738
738 43
43 668
43 400
400 398
400 654
654 91
654 364
364 800
364 990
800 994
994 492
994 15
15 219
219 165
165 578
165 726
726 59
59 434
59 610
434 586
134 738
594 357
777 891
292 269
265 737
456 942
364 718
523 4
888 631
106 336
163 609
332 7
302 493
909 189
944 968
925 688
623 471
648 563
813 293
3 663
653 955
911 844
987 533
637 472
108 907
760 779
232 43
716 111
555 899
416 726
771 415
401 737
589 607
257 261
269 252
730 98
475 839
129 52
78 637
129 670
173 227
97 426
483 737
76 783
990 236
674 262
211 145
571 552
876 288
254 231
834 391
976 811
648 488
97 163
555 892
129 350
655 461
742 438
921 706
772 471
538 816
480 550
603 314
845 114
903 196
262 489
458 48
897 286
847 156
858 763
292 12
771 476
370 700
966 73
789 700
575 688
737 118
816 364
816 245
587 208
5 899
930 355
25 65
618 978
10 725
665 727
842 94
139 2
79 594
342 331
121 891
273 562
501 770
226 867
457 963
151 267
922 963
983 216
998 13
362 881
165 393
230 74
716 306
78 72
575 131
677 319
874 617
347 17
749 252
912 285
153 685
492 703
507 971
502 749
14 829
580 302
936 774
782 276
546 691
312 120
305 872
968 556
108 188
769 675
938 293
961 237
64 304
569 723
848 437
98 157
3 985
974 134
836 923
970 325
895 638
544 368
202 89
87 105
672 749
984 881
554 423
675 700
276 491
123 516
199 606
817 725
60 46
627 621
554 891
940 645
843 194
274 771
503 685
155 277
133 386
438 628
884 659
216 245
323 778
700 678
912 115
775 50
769 227
402 539
591 697
423 42
232 158
666 191
106 219
521 999
11 204
610 351
154 926
207 704
239 949
753 259
674 29
780 628
964 586
423 294
456 874
132 922
981 309
908 523
279 238
243 394
458 821
339 313
617 191
176 674
295 12
332 767
697 627
799 991
422 662
831 269
695 460
850 943
351 404
715 188
222 914
77 152
940 731
551 223
575 305
867 625
978 471
846 101
614 460
399 549
348 237
463 806
846 377
885 200
51 343
946 283
554 945
845 89
78 321
894 540
483 227
33 535
274 758
180 355
73 723
799 863
385 75
578 178
767 785
215 318
642 105
845 713
997 125
877 778
918 20
259 41
505 474
494 926
739 806
96 433
694 830
587 659
193 978
322 601
630 34
288 740
685 839
988 278
270 154
992 353
638 222
912 678
288 472
778 385
16 525
685 899
212 525
908 219
255 783
839 675
289 598
647 293
326 281
780 356
540 690
365 463
407 953
304 971
890 475
678 276
514 611
746 307
938 472
170 295
45 340
665 14
717 769
487 316
869 393
359 418
918 260
446 526
475 391
884 553
929 98
893 122
750 21
193 198
761 35
527 392
523 587
527 147
492 15
39 641
514 947
489 189
85 496
112 346
810 916
557 237
910 363
685 195
319 47
59 176
472 730
332 117
697 258
972 139
223 239
400 298
880 730
502 145
653 638
731 908
857 182
112 693
59 248
387 928
323 463
686 131
331 802
380 224
439 889
722 729
927 178
760 8
409 375
595 579
453 903
677 539
787 86
345 698
475 121
806 930
338 880
876 892
982 610
94 740
269 934
900 215
604 290
339 855
452 303
894 615
263 587
651 870
167 248
698 530
247 901
313 325
111 176
917 197
972 343
243 431
134 894
941 162
393 46
253 768
182 765
951 761
784 714
458 929
911 563
117 391
851 358
381 788
870 355
678 546
542 640
702 658
778 385
809 494
683 307
118 793
448 809
990 346
1000 227
507 99
196 400
766 566
627 537
796 908
321 499
528 959
650 82
915 327
797 919
796 396
341 745
192 596
924 627
384 962
49 160
929 452
184 780
432 735
361 456
369 228
390 428
146 343
336 988
192 730
296 332
603 680
74 1
283 282
156 710
876 981
14 879
51 905
786 591
727 967
419 157
10 431
404 693
835 760
106 30
917 853
285 355
444 47
405 387
868 865
723 901
379 797
330 108
932 189
706 505
931 260
226 951
930 186
602 887
492 534
322 954
489 957
299 304
676 468
466 71
759 134
979 479
870 291
142 834
518 450
815 750
823 5
830 368
489 666
994 63
942 312
766 408
471 128
185 214
735 361
783 81
594 107
98 941
450 327
749 909
391 678
949 214
415 25
605 147
23 426
352 715
840 716
717 899
705 228
697 579
468 268
160 822
663 815
91 814
877 297
415 70
906 480
291 24
843 552
77 781
237 292
695 416
298 7
929 193
665 841
610 937
445 955
66 257
784 366
406 948
458 296
640 69
97 514
262 161
160 710
426 189
967 834
115 654
122 125
327 492
699 205
770 740
886 423
367 178
781 416
546 166
101 878
117 690
830 525
48 276
232 153
368 516
654 75
994 497
246 451
979 587
7 888
909 273
134 633
252 404
854 106
722 364
61 24
116 193
961 936
161 810
63 74
556 627
93 358
789 71
294 201
990 916
518 268
607 548
781 941
654 979
418 479
170 17
94 391
434 805
906 497
880 322
865 103
469 537
846 835
207 246
485 500
424 853
305 516
48 96
972 258
576 441
707 812
625 940
372 781
655 612
622 338
147 843
73 718
724 821
638 524
593 241
503 78
516 354
409 43
480 477
316 196
235 919
64 833
279 201
539 231
747 972
472 931
523 104
493 469
91 758
814 628
985 380
834 898
885 489
288 541
759 135
751 507
480 194
425 516
397 57
970 50
283 76
628 94
140 632
513 363
872 14
789 688
305 283
110 583
171 374
56 681
875 433
472 709
691 115
149 734
33 299
496 390
679 518
714 282
106 606
386 257
41 235
222 709
40 961
674 898
512 613
252 36
119 713
28 306
546 154
112 947
998 51
153 657
302 794
742 649
215 689
289 170
35 558
678 641
294 533
366 151
487 837
708 146
751 613
870 50
881 241
551 310
190 429
662 181
284 842
145 836
196 618
593 8
611 250
789 841
495 8
452 873
661 314
559 832
643 130
816 519
155 975
778 227
851 133
134 463
97 80
658 254
360 537
503 943
450 604
698 704
787 309
303 487
749 482
881 201
217 267
398 325
724 379
281 428
313 506
455 862
964 800
486 405
832 545
503 328
425 580
459 745
449 138
992 165
995 301
880 256
585 378
161 952
459 16
507 756
487 983
461 50
357 37
824 553
10 206
458 479
525 214
328 875
880 48
989 657
172 301
996 599
261 294
424 837
672 451
923 892
960 18
374 725
755 583
242 479
986 10
727 722
629 977
487 279
656 494
573 761
705 535
856 656
719 659
278 604
363 312
457 584
440 438
907 379
908 907
648 411
700 645
164 992
366 32
447 375
496 870
358 20
371 884
949 476
510 493
411 343
65 356
191 95
449 855
373 261
739 32
639 362
530 323
24 121
638 636
138 490
519 911
995 419
728 638
874 129
876 941
236 537
25 377
966 779
493 503
236 757
655 423
592 56
185 290
331 445
482 818
195 723
668 526
579 776
236 62
375 799
576 663
848 514
856 537
674 971
684 56
821 180
121 820
294 192
377 1
76 791
244 212
199 608
191 651
244 395
949 356
735 194
22 80
664 682
163 69
514 506
959 524
913 661
222 922
217 882
795 754
507 987
685 811
342 847
191 831
129 802
523 15
985 798
818 116
655 553
488 144
876 266
308 315
527 233
937 483
230 911
16 912
459 786
650 959
910 305
619 894
513 980
